datetime,pm25,temperature,humidity
2023-01-01 00:00:00+00:00,73.9,14.17,73.23
2023-01-01 01:00:00+00:00,25.57,14.3,73.03
2023-01-01 03:00:00+00:00,6.52,14.28,72.08
2023-01-01 04:00:00+00:00,5.14,13.78,74.62
2023-01-01 05:00:00+00:00,5.1,12.66,75.44
2023-01-01 06:00:00+00:00,7.08,12.18,77.49
2023-01-01 07:00:00+00:00,7.91,11.96,79.01
2023-01-01 08:00:00+00:00,8.61,11.71,79.44
2023-01-01 09:00:00+00:00,7.75,11.56,78.66
2023-01-01 10:00:00+00:00,6.6,11.84,76.3
2023-01-01 11:00:00+00:00,5.68,12.32,74.36
2023-01-01 12:00:00+00:00,5.63,12.96,73.68
2023-01-01 13:00:00+00:00,6.09,12.95,72.97
2023-01-01 14:00:00+00:00,6.56,12.61,72.99
2023-01-01 15:00:00+00:00,5.39,12.52,73.85
2023-01-01 16:00:00+00:00,6.31,12.26,77.31
2023-01-01 17:00:00+00:00,7.43,11.96,79.98
2023-01-01 18:00:00+00:00,8.12,11.95,80.39
2023-01-01 19:00:00+00:00,8.84,11.68,81.02
2023-01-01 20:00:00+00:00,6.89,11.21,86.36
2023-01-01 21:00:00+00:00,10.33,11.03,90.45
2023-01-01 22:00:00+00:00,10.2,11.13,91.44
2023-01-01 23:00:00+00:00,13.43,11.11,91.56
2023-01-02 00:00:00+00:00,12.32,11.02,92.39
2023-01-02 01:00:00+00:00,19.47,11.12,92.43
2023-01-02 02:00:00+00:00,19.72,11.18,93.12
2023-01-02 03:00:00+00:00,22.28,11.34,93.61
2023-01-02 04:00:00+00:00,22.43,11.41,93.7
2023-01-02 05:00:00+00:00,7.84,11.18,92.47
2023-01-02 06:00:00+00:00,3.65,10.27,90.1
2023-01-02 07:00:00+00:00,1.98,9.61,90.24
2023-01-02 08:00:00+00:00,2.5,9.4,90.62
2023-01-02 09:00:00+00:00,1.97,9.24,89.96
2023-01-02 10:00:00+00:00,4.22,9.05,88.51
2023-01-02 11:00:00+00:00,5.67,9.53,88.41
2023-01-02 12:00:00+00:00,3.76,10.06,87.01
2023-01-02 13:00:00+00:00,3.97,9.99,88.07
2023-01-02 14:00:00+00:00,5.5,9.72,87.28
2023-01-02 15:00:00+00:00,4.19,9.26,83.89
2023-01-02 16:00:00+00:00,4.64,8.74,83.09
2023-01-02 17:00:00+00:00,12.08,8.07,83.01
2023-01-02 18:00:00+00:00,9.77,7.43,83.44
2023-01-02 19:00:00+00:00,9.16,7.07,84.34
2023-01-02 20:00:00+00:00,9.18,6.55,83.84
2023-01-02 21:00:00+00:00,9.8,5.77,84.97
2023-01-02 22:00:00+00:00,11.06,5.44,83.78
2023-01-02 23:00:00+00:00,6.32,5.01,82.65
2023-01-03 00:00:00+00:00,5.13,4.2,84.24
2023-01-03 01:00:00+00:00,3.8,3.55,85.02
2023-01-03 02:00:00+00:00,5.16,3.0,86.76
2023-01-03 03:00:00+00:00,7.02,2.72,87.59
2023-01-03 04:00:00+00:00,6.54,2.41,88.2
2023-01-03 05:00:00+00:00,11.36,2.03,89.67
2023-01-03 06:00:00+00:00,32.31,1.97,93.49
2023-01-03 07:00:00+00:00,49.14,2.81,95.64
2023-01-03 08:00:00+00:00,56.53,3.79,95.2
2023-01-03 09:00:00+00:00,29.16,4.58,93.52
2023-01-03 10:00:00+00:00,46.15,5.52,94.3
2023-01-03 11:00:00+00:00,49.8,6.52,93.4
2023-01-03 12:00:00+00:00,46.12,7.25,92.75
2023-01-03 13:00:00+00:00,41.5,7.88,91.58
2023-01-03 14:00:00+00:00,28.86,8.35,89.82
2023-01-03 15:00:00+00:00,20.56,8.43,88.28
2023-01-03 16:00:00+00:00,15.68,8.2,88.62
2023-01-03 17:00:00+00:00,16.55,8.26,88.38
2023-01-03 18:00:00+00:00,15.29,8.18,88.75
2023-01-03 19:00:00+00:00,15.42,8.22,89.19
2023-01-03 20:00:00+00:00,13.69,8.47,88.38
2023-01-03 21:00:00+00:00,10.74,8.65,87.29
2023-01-03 22:00:00+00:00,7.7,8.85,87.39
2023-01-04 00:00:00+00:00,7.76,8.99,91.98
2023-01-04 01:00:00+00:00,5.02,9.05,93.82
2023-01-04 03:00:00+00:00,6.09,10.61,93.75
2023-01-04 04:00:00+00:00,4.07,11.28,92.35
2023-01-04 05:00:00+00:00,4.53,11.44,92.23
2023-01-04 07:00:00+00:00,4.87,11.6,92.27
2023-01-04 08:00:00+00:00,5.46,11.44,92.85
2023-01-04 09:00:00+00:00,5.1,11.29,93.43
2023-01-04 10:00:00+00:00,12.6,11.39,93.66
2023-01-04 11:00:00+00:00,9.24,11.64,92.8
2023-01-04 12:00:00+00:00,5.97,11.72,93.03
2023-01-04 13:00:00+00:00,8.62,11.89,91.05
2023-01-04 14:00:00+00:00,7.78,12.05,89.15
2023-01-04 15:00:00+00:00,7.53,12.0,87.82
2023-01-04 16:00:00+00:00,8.34,12.04,86.37
2023-01-04 17:00:00+00:00,11.98,11.66,86.66
2023-01-04 18:00:00+00:00,12.86,11.37,85.65
2023-01-04 19:00:00+00:00,15.92,11.23,87.05
2023-01-04 20:00:00+00:00,14.07,11.06,87.11
2023-01-04 21:00:00+00:00,14.26,11.02,86.2
2023-01-04 22:00:00+00:00,14.76,10.92,85.58
2023-01-04 23:00:00+00:00,13.37,10.98,83.99
2023-01-05 00:00:00+00:00,13.83,10.62,84.58
2023-01-05 01:00:00+00:00,12.73,10.35,84.18
2023-01-05 02:00:00+00:00,12.16,10.33,84.61
2023-01-05 03:00:00+00:00,13.21,10.54,84.71
2023-01-05 04:00:00+00:00,12.67,10.5,84.98
2023-01-05 05:00:00+00:00,11.4,10.53,85.2
2023-01-05 06:00:00+00:00,12.2,10.47,85.79
2023-01-05 07:00:00+00:00,11.96,10.47,85.67
2023-01-05 08:00:00+00:00,9.65,10.5,84.61
2023-01-05 09:00:00+00:00,9.91,10.4,85.64
2023-01-05 10:00:00+00:00,10.96,10.57,85.27
2023-01-05 11:00:00+00:00,10.86,10.8,84.19
2023-01-05 12:00:00+00:00,10.68,11.09,83.35
2023-01-05 13:00:00+00:00,10.91,11.61,81.53
2023-01-05 14:00:00+00:00,12.59,11.39,83.38
2023-01-05 15:00:00+00:00,13.42,11.12,85.16
2023-01-05 16:00:00+00:00,9.32,10.72,88.72
2023-01-05 17:00:00+00:00,9.71,10.5,90.19
2023-01-05 18:00:00+00:00,14.38,10.47,92.48
2023-01-05 19:00:00+00:00,24.85,10.65,93.29
2023-01-05 20:00:00+00:00,14.36,10.88,92.92
2023-01-05 21:00:00+00:00,7.43,11.09,91.07
2023-01-05 22:00:00+00:00,7.93,11.15,90.78
2023-01-05 23:00:00+00:00,5.82,11.1,89.59
2023-01-06 00:00:00+00:00,4.58,10.93,87.97
2023-01-06 01:00:00+00:00,3.22,10.83,87.13
2023-01-06 02:00:00+00:00,2.94,10.96,86.25
2023-01-06 03:00:00+00:00,6.75,10.85,87.37
2023-01-06 04:00:00+00:00,4.23,10.76,85.68
2023-01-06 05:00:00+00:00,3.52,10.75,85.99
2023-01-06 06:00:00+00:00,3.51,10.69,89.47
2023-01-06 07:00:00+00:00,3.76,10.49,91.05
2023-01-06 08:00:00+00:00,5.84,9.98,87.39
2023-01-06 09:00:00+00:00,4.13,9.13,86.6
2023-01-06 10:00:00+00:00,3.28,9.13,86.76
2023-01-06 11:00:00+00:00,3.53,9.97,82.34
2023-01-06 12:00:00+00:00,3.03,10.17,80.89
2023-01-06 13:00:00+00:00,3.39,10.06,81.26
2023-01-06 14:00:00+00:00,2.79,10.13,80.43
2023-01-06 15:00:00+00:00,2.57,9.84,80.12
2023-01-06 16:00:00+00:00,2.45,9.44,82.46
2023-01-06 17:00:00+00:00,3.17,9.14,83.7
2023-01-06 18:00:00+00:00,6.27,8.77,84.46
2023-01-06 19:00:00+00:00,9.71,8.71,86.95
2023-01-06 20:00:00+00:00,16.69,8.89,90.42
2023-01-06 21:00:00+00:00,33.11,9.6,93.53
2023-01-06 22:00:00+00:00,17.43,10.61,93.8
2023-01-06 23:00:00+00:00,11.57,11.08,93.43
2023-01-07 00:00:00+00:00,16.03,11.27,92.68
2023-01-07 01:00:00+00:00,17.86,11.16,92.29
2023-01-07 02:00:00+00:00,14.77,10.9,91.48
2023-01-07 03:00:00+00:00,10.74,10.65,90.6
2023-01-07 04:00:00+00:00,13.88,10.39,90.6
2023-01-07 05:00:00+00:00,13.69,10.42,89.99
2023-01-07 06:00:00+00:00,15.46,10.3,90.03
2023-01-07 07:00:00+00:00,17.58,9.98,90.49
2023-01-07 08:00:00+00:00,12.27,9.63,90.02
2023-01-07 09:00:00+00:00,6.27,9.88,87.57
2023-01-07 10:00:00+00:00,3.52,10.34,82.94
2023-01-07 11:00:00+00:00,3.45,10.76,79.43
2023-01-07 12:00:00+00:00,2.91,11.39,74.5
2023-01-07 13:00:00+00:00,2.71,11.23,74.36
2023-01-07 14:00:00+00:00,3.06,11.25,73.5
2023-01-07 15:00:00+00:00,4.42,11.13,73.82
2023-01-07 16:00:00+00:00,5.1,10.86,77.07
2023-01-07 17:00:00+00:00,5.08,10.48,79.53
2023-01-07 18:00:00+00:00,6.22,10.08,82.92
2023-01-07 19:00:00+00:00,7.77,9.77,85.7
2023-01-07 20:00:00+00:00,8.37,9.87,84.82
2023-01-07 21:00:00+00:00,9.93,9.85,87.34
2023-01-07 22:00:00+00:00,9.63,9.99,87.02
2023-01-07 23:00:00+00:00,8.67,10.19,84.7
2023-01-08 00:00:00+00:00,4.36,10.14,80.52
2023-01-08 01:00:00+00:00,4.01,9.43,79.79
2023-01-08 03:00:00+00:00,4.67,8.57,85.69
2023-01-08 04:00:00+00:00,4.64,8.58,87.22
2023-01-08 05:00:00+00:00,3.99,8.22,85.35
2023-01-08 06:00:00+00:00,3.75,7.93,84.42
2023-01-08 07:00:00+00:00,3.6,7.91,84.47
2023-01-08 08:00:00+00:00,3.97,7.36,85.3
2023-01-08 09:00:00+00:00,4.03,7.1,86.01
2023-01-08 10:00:00+00:00,4.05,7.52,84.58
2023-01-08 11:00:00+00:00,4.29,8.53,82.51
2023-01-08 12:00:00+00:00,4.95,9.18,81.05
2023-01-08 13:00:00+00:00,4.42,9.61,78.38
2023-01-08 14:00:00+00:00,5.49,9.82,77.0
2023-01-08 15:00:00+00:00,3.59,9.34,78.0
2023-01-08 16:00:00+00:00,4.23,9.02,77.82
2023-01-08 17:00:00+00:00,6.03,8.39,79.24
2023-01-08 18:00:00+00:00,4.8,8.21,80.08
2023-01-08 19:00:00+00:00,5.64,8.45,79.83
2023-01-08 20:00:00+00:00,5.58,8.16,81.05
2023-01-08 21:00:00+00:00,4.32,7.92,82.27
2023-01-08 22:00:00+00:00,4.05,8.22,84.14
2023-01-08 23:00:00+00:00,3.22,7.99,85.47
2023-01-09 00:00:00+00:00,2.72,7.76,85.27
2023-01-09 01:00:00+00:00,2.52,7.4,84.89
2023-01-09 02:00:00+00:00,3.39,6.56,86.76
2023-01-09 03:00:00+00:00,4.46,6.32,88.35
2023-01-09 04:00:00+00:00,6.89,6.31,89.24
2023-01-09 05:00:00+00:00,8.32,6.35,88.82
2023-01-09 06:00:00+00:00,9.25,6.47,88.63
2023-01-09 07:00:00+00:00,9.34,6.48,89.02
2023-01-09 08:00:00+00:00,11.94,6.71,90.69
2023-01-09 09:00:00+00:00,18.38,6.94,91.25
2023-01-09 10:00:00+00:00,20.19,7.14,91.78
2023-01-09 11:00:00+00:00,5.1,8.1,86.96
2023-01-09 12:00:00+00:00,4.82,8.76,83.66
2023-01-09 13:00:00+00:00,5.0,9.19,81.79
2023-01-09 14:00:00+00:00,4.7,9.76,78.36
2023-01-09 15:00:00+00:00,4.86,9.17,78.78
2023-01-09 16:00:00+00:00,7.44,8.52,80.47
2023-01-09 17:00:00+00:00,7.3,8.27,81.4
2023-01-09 18:00:00+00:00,4.25,7.77,83.05
2023-01-09 19:00:00+00:00,6.09,7.83,84.41
2023-01-09 20:00:00+00:00,7.4,7.93,82.11
2023-01-09 21:00:00+00:00,6.19,7.82,79.76
2023-01-09 22:00:00+00:00,8.21,7.68,77.23
2023-01-09 23:00:00+00:00,5.98,7.47,76.86
2023-01-10 00:00:00+00:00,5.4,7.64,79.13
2023-01-10 01:00:00+00:00,5.63,7.93,79.92
2023-01-10 02:00:00+00:00,6.74,7.9,83.07
2023-01-10 03:00:00+00:00,7.53,8.08,81.77
2023-01-10 04:00:00+00:00,7.19,7.96,81.44
2023-01-10 05:00:00+00:00,7.66,7.98,80.85
2023-01-10 06:00:00+00:00,6.7,7.5,82.4
2023-01-10 07:00:00+00:00,6.63,7.49,83.79
2023-01-10 08:00:00+00:00,7.55,7.54,84.18
2023-01-10 09:00:00+00:00,7.97,7.62,85.08
2023-01-10 10:00:00+00:00,8.82,7.5,85.19
2023-01-10 11:00:00+00:00,9.14,7.25,84.95
2023-01-10 12:00:00+00:00,9.89,7.02,83.75
2023-01-10 13:00:00+00:00,8.68,7.02,83.28
2023-01-10 14:00:00+00:00,8.11,7.2,83.92
2023-01-10 15:00:00+00:00,7.66,6.92,88.44
2023-01-10 16:00:00+00:00,7.3,6.71,90.84
2023-01-10 17:00:00+00:00,5.85,6.71,92.11
2023-01-10 18:00:00+00:00,10.04,7.03,93.05
2023-01-10 19:00:00+00:00,19.67,7.57,94.88
2023-01-10 20:00:00+00:00,24.14,8.34,94.75
2023-01-10 21:00:00+00:00,23.54,8.9,93.95
2023-01-10 22:00:00+00:00,22.25,9.33,94.85
2023-01-10 23:00:00+00:00,23.73,9.82,94.98
2023-01-11 00:00:00+00:00,17.65,10.46,94.9
2023-01-11 01:00:00+00:00,11.9,10.86,94.78
2023-01-11 02:00:00+00:00,4.32,11.39,93.83
2023-01-11 03:00:00+00:00,5.93,11.35,92.71
2023-01-11 04:00:00+00:00,8.63,11.07,92.34
2023-01-11 05:00:00+00:00,10.18,10.97,92.39
2023-01-11 06:00:00+00:00,6.78,10.78,89.48
2023-01-11 07:00:00+00:00,5.81,10.27,88.22
2023-01-11 08:00:00+00:00,6.49,9.43,88.32
2023-01-11 09:00:00+00:00,6.27,9.04,86.97
2023-01-11 10:00:00+00:00,6.84,9.11,85.44
2023-01-11 11:00:00+00:00,7.26,10.0,81.73
2023-01-11 12:00:00+00:00,8.48,10.21,82.02
2023-01-11 13:00:00+00:00,7.59,10.15,78.45
2023-01-11 14:00:00+00:00,8.11,10.19,77.58
2023-01-11 15:00:00+00:00,7.8,9.67,78.16
2023-01-11 16:00:00+00:00,8.92,9.12,81.07
2023-01-11 17:00:00+00:00,8.92,8.99,82.44
2023-01-11 18:00:00+00:00,9.57,9.31,82.09
2023-01-11 19:00:00+00:00,10.3,9.14,87.55
2023-01-11 20:00:00+00:00,10.38,8.84,88.86
2023-01-11 21:00:00+00:00,8.71,9.06,86.56
2023-01-11 22:00:00+00:00,8.84,9.23,85.92
2023-01-11 23:00:00+00:00,8.42,9.34,84.33
2023-01-12 00:00:00+00:00,8.47,9.39,83.98
2023-01-12 01:00:00+00:00,9.33,9.43,85.39
2023-01-12 03:00:00+00:00,14.03,9.6,92.16
2023-01-12 04:00:00+00:00,8.4,9.33,91.29
2023-01-12 05:00:00+00:00,3.26,9.28,93.16
2023-01-12 06:00:00+00:00,6.58,9.84,93.86
2023-01-12 07:00:00+00:00,14.7,10.4,93.41
2023-01-12 08:00:00+00:00,13.44,10.77,91.52
2023-01-12 09:00:00+00:00,10.71,11.08,89.67
2023-01-12 10:00:00+00:00,10.75,11.32,89.15
2023-01-12 11:00:00+00:00,12.22,11.49,89.09
2023-01-12 12:00:00+00:00,12.14,11.55,89.08
2023-01-12 13:00:00+00:00,11.43,11.24,91.09
2023-01-12 14:00:00+00:00,8.63,11.11,92.32
2023-01-12 15:00:00+00:00,5.96,11.12,91.7
2023-01-12 16:00:00+00:00,3.75,10.95,92.49
2023-01-12 17:00:00+00:00,3.92,10.83,93.12
2023-01-12 18:00:00+00:00,7.19,11.02,92.45
2023-01-12 19:00:00+00:00,8.54,11.01,91.77
2023-01-12 20:00:00+00:00,7.73,11.01,90.91
2023-01-12 21:00:00+00:00,7.52,10.87,89.06
2023-01-12 22:00:00+00:00,8.92,10.29,87.78
2023-01-12 23:00:00+00:00,11.89,9.54,78.99
2023-01-13 00:00:00+00:00,13.03,9.02,78.25
2023-01-13 01:00:00+00:00,12.27,8.82,78.8
2023-01-13 02:00:00+00:00,12.96,8.75,79.18
2023-01-13 03:00:00+00:00,13.88,8.62,80.36
2023-01-13 04:00:00+00:00,11.81,8.66,77.5
2023-01-13 05:00:00+00:00,10.07,8.76,76.16
2023-01-13 06:00:00+00:00,9.1,8.64,76.2
2023-01-13 07:00:00+00:00,9.77,8.75,76.71
2023-01-13 08:00:00+00:00,10.42,8.46,79.47
2023-01-13 09:00:00+00:00,10.24,8.9,76.67
2023-01-13 10:00:00+00:00,9.26,9.08,76.04
2023-01-13 11:00:00+00:00,8.11,9.3,75.15
2023-01-13 12:00:00+00:00,6.12,9.66,73.68
2023-01-13 13:00:00+00:00,6.03,9.87,72.7
2023-01-13 14:00:00+00:00,5.64,9.84,72.72
2023-01-13 15:00:00+00:00,6.19,9.67,74.56
2023-01-13 16:00:00+00:00,6.19,9.63,74.43
2023-01-13 17:00:00+00:00,5.78,9.41,75.36
2023-01-13 18:00:00+00:00,5.83,8.98,81.25
2023-01-13 19:00:00+00:00,5.56,8.95,80.94
2023-01-13 20:00:00+00:00,5.27,9.27,77.36
2023-01-13 21:00:00+00:00,5.08,9.26,75.6
2023-01-13 22:00:00+00:00,6.4,9.33,74.63
2023-01-13 23:00:00+00:00,5.84,9.17,75.81
2023-01-14 00:00:00+00:00,6.74,8.86,75.15
2023-01-14 01:00:00+00:00,6.45,8.19,77.31
2023-01-14 02:00:00+00:00,6.53,7.75,78.71
2023-01-14 03:00:00+00:00,6.87,7.41,81.28
2023-01-14 04:00:00+00:00,7.71,6.82,84.98
2023-01-14 05:00:00+00:00,7.08,6.61,86.0
2023-01-14 06:00:00+00:00,10.05,6.59,87.74
2023-01-14 07:00:00+00:00,9.04,6.8,89.64
2023-01-14 08:00:00+00:00,8.51,6.72,90.96
2023-01-14 09:00:00+00:00,7.13,6.99,91.86
2023-01-14 10:00:00+00:00,8.3,7.48,92.7
2023-01-14 11:00:00+00:00,8.16,8.06,93.72
2023-01-14 12:00:00+00:00,3.36,8.92,94.24
2023-01-14 13:00:00+00:00,3.51,9.78,93.42
2023-01-14 14:00:00+00:00,1.93,10.28,93.78
2023-01-14 15:00:00+00:00,1.34,10.91,93.52
2023-01-14 16:00:00+00:00,1.63,11.22,93.27
2023-01-14 17:00:00+00:00,5.05,11.13,93.2
2023-01-14 18:00:00+00:00,9.53,10.99,91.81
2023-01-14 19:00:00+00:00,4.76,9.68,86.63
2023-01-14 20:00:00+00:00,3.51,8.06,84.83
2023-01-14 21:00:00+00:00,3.66,7.93,80.15
2023-01-14 22:00:00+00:00,3.66,8.07,75.85
2023-01-14 23:00:00+00:00,4.09,7.89,75.47
2023-01-15 00:00:00+00:00,4.44,7.77,73.76
2023-01-15 01:00:00+00:00,4.74,7.69,72.85
2023-01-15 02:00:00+00:00,4.97,7.49,72.64
2023-01-15 03:00:00+00:00,4.74,7.46,71.1
2023-01-15 04:00:00+00:00,4.38,7.31,70.44
2023-01-15 05:00:00+00:00,4.26,7.12,69.42
2023-01-15 06:00:00+00:00,3.94,6.92,65.88
2023-01-15 07:00:00+00:00,3.74,6.54,65.15
2023-01-15 08:00:00+00:00,4.36,6.13,72.47
2023-01-15 09:00:00+00:00,5.32,5.76,78.46
2023-01-15 10:00:00+00:00,5.02,6.93,74.27
2023-01-15 11:00:00+00:00,5.55,7.54,72.18
2023-01-15 12:00:00+00:00,5.74,7.85,72.25
2023-01-15 13:00:00+00:00,6.42,8.14,71.69
2023-01-15 14:00:00+00:00,4.98,7.17,79.92
2023-01-15 15:00:00+00:00,3.83,6.43,84.37
2023-01-15 16:00:00+00:00,4.44,6.64,83.7
2023-01-15 17:00:00+00:00,5.66,6.86,84.08
2023-01-15 18:00:00+00:00,4.89,6.61,85.97
2023-01-15 19:00:00+00:00,3.69,6.26,86.36
2023-01-15 20:00:00+00:00,5.41,5.5,87.85
2023-01-15 21:00:00+00:00,4.22,5.45,88.25
2023-01-15 22:00:00+00:00,2.88,4.97,86.98
2023-01-15 23:00:00+00:00,5.04,4.5,87.76
2023-01-16 00:00:00+00:00,11.26,4.42,89.51
2023-01-16 01:00:00+00:00,14.71,4.33,90.15
2023-01-16 03:00:00+00:00,18.38,3.78,91.38
2023-01-16 04:00:00+00:00,20.58,3.81,91.6
2023-01-16 05:00:00+00:00,15.07,3.83,91.3
2023-01-16 06:00:00+00:00,6.24,4.09,89.46
2023-01-16 07:00:00+00:00,5.37,4.1,89.58
2023-01-16 08:00:00+00:00,6.15,4.37,89.9
2023-01-16 10:00:00+00:00,5.52,4.17,90.58
2023-01-16 11:00:00+00:00,10.42,4.53,91.61
2023-01-16 12:00:00+00:00,5.03,4.89,90.5
2023-01-16 13:00:00+00:00,5.71,5.13,90.53
2023-01-16 14:00:00+00:00,6.5,5.37,91.02
2023-01-16 15:00:00+00:00,7.01,5.57,91.31
2023-01-16 16:00:00+00:00,3.82,5.61,89.19
2023-01-16 17:00:00+00:00,4.95,4.92,89.06
2023-01-16 18:00:00+00:00,2.95,4.64,89.69
2023-01-16 19:00:00+00:00,2.2,4.48,89.64
2023-01-16 20:00:00+00:00,2.67,4.7,90.05
2023-01-16 21:00:00+00:00,3.72,4.89,89.39
2023-01-16 22:00:00+00:00,2.22,4.61,88.89
2023-01-16 23:00:00+00:00,2.83,4.3,88.21
2023-01-17 00:00:00+00:00,2.63,4.09,84.46
2023-01-17 01:00:00+00:00,5.29,3.53,85.41
2023-01-17 02:00:00+00:00,3.0,3.12,86.61
2023-01-17 03:00:00+00:00,3.24,2.66,85.83
2023-01-17 04:00:00+00:00,1.37,2.07,85.95
2023-01-17 05:00:00+00:00,1.5,1.7,82.03
2023-01-17 06:00:00+00:00,1.71,1.88,78.86
2023-01-17 07:00:00+00:00,2.44,2.38,76.53
2023-01-17 08:00:00+00:00,2.03,2.2,74.62
2023-01-17 09:00:00+00:00,2.7,1.69,77.19
2023-01-17 10:00:00+00:00,2.38,2.31,76.19
2023-01-17 11:00:00+00:00,2.18,4.14,68.69
2023-01-17 12:00:00+00:00,2.03,4.92,66.07
2023-01-17 13:00:00+00:00,2.36,4.69,65.75
2023-01-17 14:00:00+00:00,2.04,5.2,62.48
2023-01-17 15:00:00+00:00,2.94,4.54,62.47
2023-01-17 16:00:00+00:00,2.52,3.65,66.91
2023-01-17 17:00:00+00:00,5.03,2.62,70.8
2023-01-17 18:00:00+00:00,5.93,1.79,74.61
2023-01-17 19:00:00+00:00,10.02,1.05,77.84
2023-01-17 20:00:00+00:00,12.53,0.6,79.46
2023-01-17 21:00:00+00:00,17.63,0.16,82.49
2023-01-17 21:00:00+00:00,17.63,0.16,82.49
2023-01-17 21:00:00+00:00,17.63,0.16,82.49
2023-01-17 21:00:00+00:00,17.63,0.16,82.49
2023-01-17 21:00:00+00:00,17.63,0.16,82.49
2023-01-17 21:00:00+00:00,17.63,0.16,82.49
2023-01-17 21:00:00+00:00,17.63,0.16,82.49
2023-01-17 21:00:00+00:00,17.63,0.16,82.49
2023-01-17 22:00:00+00:00,12.19,-0.08,84.19
2023-01-17 23:00:00+00:00,14.25,-0.21,85.57
2023-01-18 00:00:00+00:00,11.9,-0.28,85.2
2023-01-18 01:00:00+00:00,7.5,-0.55,84.48
2023-01-18 02:00:00+00:00,5.3,-0.33,83.93
2023-01-18 03:00:00+00:00,7.09,-0.18,82.51
2023-01-18 04:00:00+00:00,7.1,-0.24,83.14
2023-01-18 05:00:00+00:00,4.81,-0.73,84.19
2023-01-18 06:00:00+00:00,7.18,-0.89,86.95
2023-01-18 07:00:00+00:00,9.91,-0.74,88.61
2023-01-18 08:00:00+00:00,14.09,-0.7,89.15
2023-01-18 09:00:00+00:00,11.74,-0.22,89.84
2023-01-18 10:00:00+00:00,11.03,1.12,87.83
2023-01-18 11:00:00+00:00,7.95,3.28,81.25
2023-01-18 12:00:00+00:00,2.85,4.46,75.16
2023-01-18 13:00:00+00:00,2.7,5.25,71.44
2023-01-18 14:00:00+00:00,2.22,5.21,71.03
2023-01-18 15:00:00+00:00,2.48,4.98,75.76
2023-01-18 16:00:00+00:00,3.32,4.49,81.09
2023-01-18 17:00:00+00:00,3.87,4.61,81.81
2023-01-18 18:00:00+00:00,5.23,4.9,79.91
2023-01-18 19:00:00+00:00,4.12,4.47,83.69
2023-01-18 20:00:00+00:00,3.95,3.64,89.74
2023-01-18 21:00:00+00:00,2.95,3.93,89.35
2023-01-18 22:00:00+00:00,2.1,3.58,89.82
2023-01-18 23:00:00+00:00,2.3,3.71,90.28
2023-01-19 00:00:00+00:00,2.67,4.24,88.54
2023-01-19 01:00:00+00:00,2.36,4.2,90.85
2023-01-19 02:00:00+00:00,3.65,4.41,89.82
2023-01-19 03:00:00+00:00,4.3,3.95,88.92
2023-01-19 04:00:00+00:00,5.9,4.25,86.62
2023-01-19 05:00:00+00:00,5.88,4.91,82.97
2023-01-19 06:00:00+00:00,5.92,4.94,82.32
2023-01-19 07:00:00+00:00,4.59,4.7,79.05
2023-01-19 08:00:00+00:00,3.91,4.31,78.07
2023-01-19 09:00:00+00:00,4.89,4.15,77.67
2023-01-19 10:00:00+00:00,3.77,4.59,71.36
2023-01-19 11:00:00+00:00,4.54,5.62,64.99
2023-01-19 12:00:00+00:00,3.56,6.11,60.03
2023-01-19 13:00:00+00:00,2.68,6.0,61.47
2023-01-19 14:00:00+00:00,2.68,5.69,64.62
2023-01-19 15:00:00+00:00,2.58,5.44,63.47
2023-01-19 16:00:00+00:00,3.08,4.53,68.12
2023-01-19 17:00:00+00:00,3.51,3.71,72.51
2023-01-19 18:00:00+00:00,6.01,3.05,79.28
2023-01-19 19:00:00+00:00,5.32,2.44,84.39
2023-01-19 20:00:00+00:00,11.7,2.09,86.88
2023-01-19 21:00:00+00:00,13.48,1.83,87.77
2023-01-19 22:00:00+00:00,9.97,1.63,88.74
2023-01-19 23:00:00+00:00,6.89,1.59,88.08
2023-01-20 00:00:00+00:00,6.93,1.17,89.76
2023-01-20 01:00:00+00:00,19.72,1.25,91.54
2023-01-20 03:00:00+00:00,16.27,1.2,91.66
2023-01-20 04:00:00+00:00,46.93,1.07,92.16
2023-01-20 05:00:00+00:00,41.18,1.22,92.43
2023-01-20 06:00:00+00:00,29.6,1.22,92.57
2023-01-20 07:00:00+00:00,41.52,1.38,93.41
2023-01-20 08:00:00+00:00,50.41,1.49,93.35
2023-01-20 09:00:00+00:00,45.9,1.62,93.36
2023-01-20 10:00:00+00:00,40.29,1.84,93.14
2023-01-20 11:00:00+00:00,35.2,2.44,93.13
2023-01-20 12:00:00+00:00,32.2,2.84,91.59
2023-01-20 13:00:00+00:00,35.24,2.85,91.74
2023-01-20 14:00:00+00:00,28.53,2.98,90.87
2023-01-20 15:00:00+00:00,24.61,2.65,90.55
2023-01-20 16:00:00+00:00,34.93,2.47,90.88
2023-01-20 17:00:00+00:00,27.51,2.59,89.05
2023-01-20 18:00:00+00:00,27.92,2.64,86.11
2023-01-20 19:00:00+00:00,26.8,2.67,83.61
2023-01-20 20:00:00+00:00,29.91,2.39,82.9
2023-01-20 21:00:00+00:00,39.24,1.5,85.16
2023-01-20 22:00:00+00:00,45.31,1.03,87.06
2023-01-20 23:00:00+00:00,49.87,0.54,88.07
2023-01-21 00:00:00+00:00,50.34,0.19,88.65
2023-01-21 01:00:00+00:00,46.1,-0.06,89.05
2023-01-21 02:00:00+00:00,46.03,-0.38,89.22
2023-01-21 03:00:00+00:00,50.91,-0.58,90.28
2023-01-21 04:00:00+00:00,55.46,-0.51,91.03
2023-01-21 05:00:00+00:00,52.59,-0.81,90.49
2023-01-21 06:00:00+00:00,57.27,-1.02,92.28
2023-01-21 07:00:00+00:00,57.34,-1.06,92.51
2023-01-21 08:00:00+00:00,60.28,-0.6,94.39
2023-01-21 09:00:00+00:00,60.4,0.04,95.06
2023-01-21 10:00:00+00:00,54.13,0.79,94.39
2023-01-21 11:00:00+00:00,48.12,1.44,91.55
2023-01-21 12:00:00+00:00,33.77,3.26,85.78
2023-01-21 13:00:00+00:00,32.22,4.03,82.01
2023-01-21 14:00:00+00:00,34.16,3.96,83.48
2023-01-21 15:00:00+00:00,36.1,3.15,84.6
2023-01-21 16:00:00+00:00,37.15,2.47,86.73
2023-01-21 17:00:00+00:00,36.7,1.73,88.59
2023-01-21 18:00:00+00:00,35.1,1.29,89.96
2023-01-21 19:00:00+00:00,32.96,0.83,89.04
2023-01-21 20:00:00+00:00,37.12,0.42,88.89
2023-01-21 21:00:00+00:00,42.52,0.0,89.08
2023-01-21 22:00:00+00:00,46.3,0.0,90.75
2023-01-21 23:00:00+00:00,42.75,0.06,91.36
2023-01-22 00:00:00+00:00,32.43,0.63,89.04
2023-01-22 01:00:00+00:00,24.8,0.79,87.8
2023-01-22 02:00:00+00:00,20.28,1.23,85.7
2023-01-22 03:00:00+00:00,17.98,1.49,84.47
2023-01-22 04:00:00+00:00,17.66,1.57,83.66
2023-01-22 05:00:00+00:00,16.34,1.56,84.08
2023-01-22 06:00:00+00:00,15.9,0.94,85.73
2023-01-22 07:00:00+00:00,16.18,0.72,87.67
2023-01-22 08:00:00+00:00,10.65,1.21,85.41
2023-01-22 09:00:00+00:00,11.23,1.46,84.31
2023-01-22 10:00:00+00:00,11.37,1.66,84.56
2023-01-22 11:00:00+00:00,10.65,2.0,84.09
2023-01-22 12:00:00+00:00,9.3,2.32,82.74
2023-01-22 13:00:00+00:00,9.29,2.94,81.74
2023-01-22 14:00:00+00:00,10.79,3.24,80.7
2023-01-22 15:00:00+00:00,13.85,2.92,81.75
2023-01-22 16:00:00+00:00,15.83,2.75,83.16
2023-01-22 17:00:00+00:00,18.71,2.68,84.76
2023-01-22 18:00:00+00:00,20.66,2.68,85.85
2023-01-22 19:00:00+00:00,20.27,2.7,86.49
2023-01-22 20:00:00+00:00,20.51,2.68,87.24
2023-01-22 21:00:00+00:00,20.96,2.75,88.12
2023-01-22 22:00:00+00:00,20.45,2.83,88.02
2023-01-22 23:00:00+00:00,18.07,2.92,88.06
2023-01-23 00:00:00+00:00,16.86,2.96,88.3
2023-01-23 01:00:00+00:00,17.48,2.99,89.47
2023-01-23 02:00:00+00:00,18.41,3.03,90.49
2023-01-23 03:00:00+00:00,19.14,3.01,90.77
2023-01-23 04:00:00+00:00,19.17,3.04,90.74
2023-01-23 05:00:00+00:00,19.9,3.09,90.69
2023-01-23 06:00:00+00:00,23.53,3.13,90.78
2023-01-23 07:00:00+00:00,26.59,3.18,90.63
2023-01-23 08:00:00+00:00,28.37,3.25,90.44
2023-01-23 09:00:00+00:00,30.74,3.33,90.88
2023-01-23 10:00:00+00:00,30.83,3.57,90.85
2023-01-23 11:00:00+00:00,31.65,4.2,89.27
2023-01-23 12:00:00+00:00,24.66,4.8,86.16
2023-01-23 13:00:00+00:00,21.99,5.16,83.76
2023-01-23 14:00:00+00:00,11.7,5.33,78.09
2023-01-23 15:00:00+00:00,8.26,5.27,75.02
2023-01-23 16:00:00+00:00,9.13,4.93,77.15
2023-01-23 17:00:00+00:00,10.98,4.35,79.74
2023-01-23 18:00:00+00:00,11.59,4.04,80.87
2023-01-23 19:00:00+00:00,16.64,3.94,80.78
2023-01-23 20:00:00+00:00,23.24,3.95,80.73
2023-01-23 21:00:00+00:00,29.2,3.9,81.4
2023-01-23 22:00:00+00:00,29.85,3.88,80.9
2023-01-23 23:00:00+00:00,29.09,3.84,81.25
2023-01-24 00:00:00+00:00,30.47,3.78,81.59
2023-01-24 01:00:00+00:00,32.84,3.7,81.2
2023-01-24 03:00:00+00:00,28.43,3.56,80.49
2023-01-24 04:00:00+00:00,28.33,3.51,80.41
2023-01-24 05:00:00+00:00,27.3,3.44,80.5
2023-01-24 06:00:00+00:00,30.43,3.34,81.3
2023-01-24 07:00:00+00:00,33.6,3.24,81.73
2023-01-24 08:00:00+00:00,31.55,3.1,82.79
2023-01-24 09:00:00+00:00,34.69,3.12,83.57
2023-01-24 10:00:00+00:00,32.46,3.2,83.26
2023-01-24 11:00:00+00:00,31.06,3.31,82.04
2023-01-24 12:00:00+00:00,30.84,3.41,81.61
2023-01-24 13:00:00+00:00,32.95,3.45,81.56
2023-01-24 14:00:00+00:00,35.63,3.44,81.52
2023-01-24 15:00:00+00:00,38.7,3.39,81.78
2023-01-24 16:00:00+00:00,42.82,3.1,82.7
2023-01-24 17:00:00+00:00,43.04,2.8,83.26
2023-01-24 18:00:00+00:00,44.2,2.75,83.78
2023-01-24 19:00:00+00:00,40.9,2.64,83.46
2023-01-24 20:00:00+00:00,41.02,2.4,83.65
2023-01-24 21:00:00+00:00,42.83,2.31,83.84
2023-01-24 22:00:00+00:00,45.95,2.24,84.15
2023-01-24 23:00:00+00:00,48.08,2.12,84.52
2023-01-25 00:00:00+00:00,51.28,1.97,84.57
2023-01-25 01:00:00+00:00,54.56,1.91,84.96
2023-01-25 02:00:00+00:00,57.87,1.85,85.06
2023-01-25 03:00:00+00:00,64.1,1.71,85.65
2023-01-25 04:00:00+00:00,64.56,1.54,86.07
2023-01-25 05:00:00+00:00,62.32,1.26,86.43
2023-01-25 06:00:00+00:00,59.42,0.97,86.85
2023-01-25 07:00:00+00:00,57.96,0.89,87.13
2023-01-25 08:00:00+00:00,61.25,0.83,87.61
2023-01-25 09:00:00+00:00,59.97,0.87,87.56
2023-01-25 10:00:00+00:00,63.11,1.07,87.37
2023-01-25 11:00:00+00:00,66.98,1.59,86.03
2023-01-25 12:00:00+00:00,69.68,2.08,84.9
2023-01-25 13:00:00+00:00,68.76,2.43,84.09
2023-01-25 14:00:00+00:00,71.87,2.45,83.99
2023-01-25 15:00:00+00:00,68.97,2.31,84.35
2023-01-25 16:00:00+00:00,67.58,1.98,84.78
2023-01-25 17:00:00+00:00,69.2,1.68,86.28
2023-01-25 18:00:00+00:00,68.09,1.67,86.44
2023-01-25 19:00:00+00:00,73.35,1.55,86.48
2023-01-25 20:00:00+00:00,82.68,1.49,87.26
2023-01-25 21:00:00+00:00,98.12,1.53,88.9
2023-01-25 22:00:00+00:00,96.1,1.48,91.21
2023-01-25 23:00:00+00:00,75.11,1.47,91.86
2023-01-26 00:00:00+00:00,56.34,1.54,92.0
2023-01-26 01:00:00+00:00,47.99,1.59,92.15
2023-01-26 02:00:00+00:00,46.84,1.7,92.49
2023-01-26 03:00:00+00:00,43.37,1.87,92.77
2023-01-26 04:00:00+00:00,39.66,2.07,93.27
2023-01-26 05:00:00+00:00,36.65,3.08,96.29
2023-01-26 06:00:00+00:00,12.69,4.6,96.94
2023-01-26 07:00:00+00:00,9.47,4.96,93.18
2023-01-26 08:00:00+00:00,9.2,4.63,91.94
2023-01-26 09:00:00+00:00,10.07,4.4,92.84
2023-01-26 10:00:00+00:00,8.83,4.93,92.87
2023-01-26 11:00:00+00:00,7.44,6.65,88.97
2023-01-26 12:00:00+00:00,7.03,7.63,86.34
2023-01-26 13:00:00+00:00,5.17,8.21,82.63
2023-01-26 14:00:00+00:00,3.91,7.76,85.53
2023-01-26 15:00:00+00:00,4.72,7.66,82.53
2023-01-26 16:00:00+00:00,3.94,7.31,79.62
2023-01-26 17:00:00+00:00,5.67,7.02,81.44
2023-01-26 18:00:00+00:00,5.51,6.7,81.0
2023-01-26 19:00:00+00:00,5.59,6.54,80.91
2023-01-26 20:00:00+00:00,6.22,6.37,81.27
2023-01-26 21:00:00+00:00,6.92,5.88,83.73
2023-01-26 22:00:00+00:00,7.56,5.54,86.47
2023-01-26 23:00:00+00:00,8.28,5.57,87.9
2023-01-27 00:00:00+00:00,5.41,5.86,86.86
2023-01-27 01:00:00+00:00,3.84,5.86,85.29
2023-01-27 02:00:00+00:00,5.61,5.62,84.46
2023-01-27 03:00:00+00:00,13.06,5.12,84.14
2023-01-27 04:00:00+00:00,11.04,4.68,82.88
2023-01-27 05:00:00+00:00,6.22,4.52,79.85
2023-01-27 06:00:00+00:00,5.61,4.39,80.22
2023-01-27 07:00:00+00:00,3.57,3.73,80.15
2023-01-27 08:00:00+00:00,3.54,2.97,81.72
2023-01-27 09:00:00+00:00,4.63,2.87,82.84
2023-01-27 10:00:00+00:00,4.01,3.84,78.97
2023-01-27 11:00:00+00:00,2.44,4.69,76.71
2023-01-27 12:00:00+00:00,1.25,5.74,73.1
2023-01-27 13:00:00+00:00,0.99,6.09,71.64
2023-01-27 14:00:00+00:00,1.76,5.68,73.45
2023-01-27 15:00:00+00:00,1.91,5.25,75.42
2023-01-27 16:00:00+00:00,2.49,5.04,75.21
2023-01-27 17:00:00+00:00,3.42,4.7,77.46
2023-01-27 18:00:00+00:00,6.29,4.46,79.17
2023-01-27 19:00:00+00:00,8.59,4.17,79.75
2023-01-27 20:00:00+00:00,12.7,4.1,80.86
2023-01-27 21:00:00+00:00,10.93,3.95,80.63
2023-01-27 22:00:00+00:00,7.03,3.74,80.21
2023-01-27 23:00:00+00:00,8.21,3.54,80.2
2023-01-28 00:00:00+00:00,6.66,3.52,79.95
2023-01-28 01:00:00+00:00,7.64,3.44,80.11
2023-01-28 03:00:00+00:00,8.89,3.41,79.74
2023-01-28 04:00:00+00:00,8.45,3.32,78.02
2023-01-28 05:00:00+00:00,8.8,3.27,77.82
2023-01-28 06:00:00+00:00,7.8,3.23,76.74
2023-01-28 07:00:00+00:00,9.12,3.12,77.03
2023-01-28 08:00:00+00:00,9.12,2.95,77.29
2023-01-28 09:00:00+00:00,10.93,2.57,78.55
2023-01-28 10:00:00+00:00,12.98,2.73,78.13
2023-01-28 11:00:00+00:00,9.32,4.03,73.46
2023-01-28 12:00:00+00:00,7.38,5.6,68.24
2023-01-28 13:00:00+00:00,7.39,6.69,65.48
2023-01-28 14:00:00+00:00,6.27,7.03,63.99
2023-01-28 15:00:00+00:00,5.42,6.37,67.97
2023-01-28 16:00:00+00:00,6.5,5.96,71.5
2023-01-28 17:00:00+00:00,10.51,5.45,75.42
2023-01-28 18:00:00+00:00,12.17,5.11,78.12
2023-01-28 19:00:00+00:00,15.5,4.96,79.77
2023-01-28 20:00:00+00:00,14.47,4.94,80.83
2023-01-28 21:00:00+00:00,10.52,4.95,80.96
2023-01-28 22:00:00+00:00,12.53,4.94,81.32
2023-01-28 23:00:00+00:00,7.77,4.87,81.2
2023-01-29 00:00:00+00:00,10.55,4.91,81.54
2023-01-29 01:00:00+00:00,12.92,4.92,81.94
2023-01-29 02:00:00+00:00,15.35,4.9,82.09
2023-01-29 03:00:00+00:00,17.98,4.79,81.5
2023-01-29 04:00:00+00:00,27.96,4.72,82.65
2023-01-29 05:00:00+00:00,30.97,4.69,82.46
2023-01-29 06:00:00+00:00,33.73,4.72,82.7
2023-01-29 07:00:00+00:00,38.05,4.7,84.46
2023-01-29 08:00:00+00:00,48.58,4.53,88.47
2023-01-29 09:00:00+00:00,52.14,4.66,88.93
2023-01-29 10:00:00+00:00,34.49,5.33,86.95
2023-01-29 11:00:00+00:00,12.6,5.95,87.9
2023-01-29 12:00:00+00:00,11.98,6.3,84.56
2023-01-29 13:00:00+00:00,12.94,6.38,87.79
2023-01-29 14:00:00+00:00,20.06,6.21,90.08
2023-01-29 15:00:00+00:00,32.8,6.35,88.14
2023-01-29 16:00:00+00:00,32.26,6.15,89.07
2023-01-29 17:00:00+00:00,26.81,6.19,90.19
2023-01-29 18:00:00+00:00,27.18,6.32,90.22
2023-01-29 19:00:00+00:00,21.96,6.33,90.73
2023-01-29 20:00:00+00:00,18.93,6.46,91.17
2023-01-29 21:00:00+00:00,10.8,7.08,89.7
2023-01-29 22:00:00+00:00,10.87,7.48,88.15
2023-01-29 23:00:00+00:00,10.84,7.51,88.76
2023-01-30 00:00:00+00:00,9.72,7.72,88.8
2023-01-30 01:00:00+00:00,6.51,7.76,88.05
2023-01-30 02:00:00+00:00,6.94,7.59,89.71
2023-01-30 03:00:00+00:00,7.17,7.65,89.49
2023-01-30 04:00:00+00:00,7.19,8.1,87.83
2023-01-30 05:00:00+00:00,6.88,8.09,84.83
2023-01-30 06:00:00+00:00,7.89,7.41,77.45
2023-01-30 07:00:00+00:00,9.12,7.02,77.77
2023-01-30 08:00:00+00:00,8.34,6.83,75.72
2023-01-30 09:00:00+00:00,9.23,7.15,75.78
2023-01-30 10:00:00+00:00,9.03,7.54,75.35
2023-01-30 11:00:00+00:00,9.92,7.99,73.93
2023-01-30 12:00:00+00:00,11.12,8.77,71.18
2023-01-30 13:00:00+00:00,10.33,9.32,68.57
2023-01-30 14:00:00+00:00,9.92,9.5,67.92
2023-01-30 15:00:00+00:00,9.13,9.31,67.73
2023-01-30 16:00:00+00:00,9.45,8.48,71.64
2023-01-30 17:00:00+00:00,8.46,7.61,75.6
2023-01-30 18:00:00+00:00,9.51,7.05,78.76
2023-01-30 19:00:00+00:00,8.35,6.79,78.82
2023-01-30 20:00:00+00:00,8.19,6.51,78.76
2023-01-30 21:00:00+00:00,7.51,6.09,78.68
2023-01-30 22:00:00+00:00,5.98,6.09,77.49
2023-01-30 23:00:00+00:00,5.42,5.61,77.49
2023-01-31 00:00:00+00:00,5.59,5.05,81.29
2023-01-31 01:00:00+00:00,5.27,4.66,84.66
2023-01-31 02:00:00+00:00,6.82,4.68,88.48
2023-01-31 03:00:00+00:00,8.31,5.76,89.06
2023-01-31 04:00:00+00:00,8.4,6.03,87.25
2023-01-31 05:00:00+00:00,8.99,6.31,86.68
2023-01-31 06:00:00+00:00,7.52,6.54,85.19
2023-01-31 07:00:00+00:00,7.36,6.68,85.46
2023-01-31 09:00:00+00:00,7.88,6.74,88.36
2023-01-31 10:00:00+00:00,8.12,7.51,87.09
2023-01-31 11:00:00+00:00,7.31,8.16,84.91
2023-01-31 12:00:00+00:00,7.63,8.63,83.66
2023-01-31 13:00:00+00:00,6.56,9.18,82.01
2023-01-31 14:00:00+00:00,6.55,9.95,79.05
2023-01-31 15:00:00+00:00,6.61,9.84,78.68
2023-01-31 16:00:00+00:00,6.55,9.21,77.15
2023-01-31 17:00:00+00:00,8.21,8.32,73.97
2023-01-31 18:00:00+00:00,9.92,7.76,75.24
2023-01-31 19:00:00+00:00,8.85,7.46,75.56
2023-01-31 20:00:00+00:00,9.19,7.3,73.34
2023-01-31 21:00:00+00:00,8.4,7.23,71.04
2023-01-31 22:00:00+00:00,8.53,7.05,71.48
2023-01-31 23:00:00+00:00,8.43,7.01,72.59
2023-02-01 00:00:00+00:00,8.95,7.16,73.49
2023-02-01 01:00:00+00:00,8.68,7.12,73.98
2023-02-01 03:00:00+00:00,8.84,7.22,74.85
2023-02-01 04:00:00+00:00,9.26,7.06,75.56
2023-02-01 05:00:00+00:00,9.34,6.98,76.16
2023-02-01 06:00:00+00:00,8.92,7.08,76.27
2023-02-01 07:00:00+00:00,8.21,6.88,76.96
2023-02-01 08:00:00+00:00,8.36,6.8,77.57
2023-02-01 09:00:00+00:00,7.6,7.15,77.38
2023-02-01 10:00:00+00:00,8.0,7.26,77.37
2023-02-01 11:00:00+00:00,8.39,7.26,79.55
2023-02-01 12:00:00+00:00,8.69,7.64,77.79
2023-02-01 14:00:00+00:00,8.51,9.12,74.21
2023-02-01 15:00:00+00:00,7.54,8.8,76.41
2023-02-01 16:00:00+00:00,8.27,8.62,78.22
2023-02-01 17:00:00+00:00,9.06,8.57,78.99
2023-02-01 18:00:00+00:00,7.22,8.0,82.74
2023-02-01 19:00:00+00:00,9.29,7.7,87.82
2023-02-02 02:00:00+00:00,6.57,7.58,89.74
2023-02-02 03:00:00+00:00,10.22,7.7,90.08
2023-02-02 04:00:00+00:00,8.48,7.97,87.23
2023-02-02 05:00:00+00:00,7.9,8.12,86.08
2023-02-02 06:00:00+00:00,7.17,8.13,86.77
2023-02-02 07:00:00+00:00,7.96,8.0,89.21
2023-02-02 08:00:00+00:00,8.51,8.09,87.26
2023-02-02 09:00:00+00:00,8.28,8.22,86.26
2023-02-02 10:00:00+00:00,7.78,8.51,86.01
2023-02-02 11:00:00+00:00,7.23,8.81,84.41
2023-02-02 12:00:00+00:00,5.88,9.1,83.21
2023-02-02 13:00:00+00:00,6.02,8.99,84.41
2023-02-02 14:00:00+00:00,5.69,8.46,88.97
2023-02-02 15:00:00+00:00,6.28,8.33,91.06
2023-02-02 16:00:00+00:00,5.17,8.53,89.25
2023-02-02 17:00:00+00:00,5.5,8.49,88.26
2023-02-02 18:00:00+00:00,7.46,8.52,88.53
2023-02-02 19:00:00+00:00,7.31,8.85,87.27
2023-02-02 20:00:00+00:00,7.98,9.03,86.37
2023-02-02 21:00:00+00:00,6.46,9.13,86.95
2023-02-02 22:00:00+00:00,4.97,9.16,85.36
2023-02-02 23:00:00+00:00,4.86,9.03,85.37
2023-02-03 00:00:00+00:00,6.09,8.75,86.62
2023-02-03 01:00:00+00:00,6.11,8.83,85.38
2023-02-03 02:00:00+00:00,5.02,9.16,82.85
2023-02-03 03:00:00+00:00,4.68,9.24,82.58
2023-02-03 04:00:00+00:00,5.5,9.12,83.95
2023-02-03 05:00:00+00:00,5.39,9.07,83.88
2023-02-03 06:00:00+00:00,5.28,8.94,84.17
2023-02-03 07:00:00+00:00,5.25,8.99,83.77
2023-02-03 08:00:00+00:00,5.05,9.01,84.59
2023-02-03 09:00:00+00:00,5.81,9.36,84.44
2023-02-03 10:00:00+00:00,6.29,9.49,84.38
2023-02-03 11:00:00+00:00,5.57,9.94,83.42
2023-02-03 12:00:00+00:00,6.3,9.95,84.12
2023-02-03 13:00:00+00:00,7.65,10.12,84.38
2023-02-03 14:00:00+00:00,8.97,10.04,82.66
2023-02-03 15:00:00+00:00,10.91,9.88,78.76
2023-02-03 16:00:00+00:00,9.34,9.58,78.61
2023-02-03 17:00:00+00:00,10.47,9.07,83.02
2023-02-03 18:00:00+00:00,11.01,8.79,81.55
2023-02-03 19:00:00+00:00,11.15,8.86,81.83
2023-02-03 20:00:00+00:00,11.22,8.89,79.53
2023-02-03 21:00:00+00:00,11.76,8.83,78.61
2023-02-03 22:00:00+00:00,8.79,8.64,78.79
2023-02-03 23:00:00+00:00,9.02,8.56,78.34
2023-02-04 00:00:00+00:00,9.16,8.4,81.6
2023-02-04 01:00:00+00:00,11.21,7.76,86.05
2023-02-04 02:00:00+00:00,9.68,7.3,88.39
2023-02-04 03:00:00+00:00,9.43,7.38,89.32
2023-02-04 04:00:00+00:00,9.22,7.16,89.03
2023-02-04 05:00:00+00:00,9.04,6.95,90.51
2023-02-04 06:00:00+00:00,9.35,7.08,90.46
2023-02-04 07:00:00+00:00,8.28,6.79,91.23
2023-02-04 08:00:00+00:00,8.8,6.8,91.23
2023-02-04 09:00:00+00:00,10.75,7.38,91.61
2023-02-04 10:00:00+00:00,10.73,8.43,88.52
2023-02-04 11:00:00+00:00,10.16,9.72,81.4
2023-02-04 12:00:00+00:00,9.83,10.05,79.89
2023-02-04 13:00:00+00:00,8.64,10.43,78.66
2023-02-04 14:00:00+00:00,5.75,10.71,76.61
2023-02-04 15:00:00+00:00,5.57,10.89,74.8
2023-02-04 16:00:00+00:00,6.17,10.45,77.37
2023-02-04 17:00:00+00:00,11.83,10.0,80.28
2023-02-04 18:00:00+00:00,10.64,9.65,81.04
2023-02-04 19:00:00+00:00,11.05,9.28,81.62
2023-02-04 20:00:00+00:00,23.04,9.02,83.07
2023-02-04 21:00:00+00:00,23.19,8.81,85.42
2023-02-04 22:00:00+00:00,31.8,8.64,88.25
2023-02-04 23:00:00+00:00,29.46,8.49,89.36
2023-02-05 00:00:00+00:00,27.21,8.26,89.57
2023-02-05 01:00:00+00:00,27.37,8.1,90.03
2023-02-05 03:00:00+00:00,7.26,7.74,86.99
2023-02-05 04:00:00+00:00,9.44,7.69,92.06
2023-02-05 05:00:00+00:00,4.7,7.55,90.75
2023-02-05 06:00:00+00:00,4.61,6.82,84.96
2023-02-05 07:00:00+00:00,5.22,6.75,83.86
2023-02-05 08:00:00+00:00,7.72,6.65,84.74
2023-02-05 09:00:00+00:00,10.61,7.2,80.44
2023-02-05 10:00:00+00:00,9.97,7.64,77.36
2023-02-05 11:00:00+00:00,9.05,8.33,74.32
2023-02-05 12:00:00+00:00,7.59,9.18,69.1
2023-02-05 13:00:00+00:00,7.8,9.95,64.45
2023-02-05 14:00:00+00:00,8.41,9.9,64.65
2023-02-05 15:00:00+00:00,12.13,9.32,67.71
2023-02-05 16:00:00+00:00,10.02,8.51,71.77
2023-02-05 17:00:00+00:00,10.54,7.69,75.73
2023-02-05 18:00:00+00:00,10.85,7.11,78.37
2023-02-05 19:00:00+00:00,11.2,6.47,81.03
2023-02-05 20:00:00+00:00,11.71,6.05,83.33
2023-02-05 21:00:00+00:00,10.13,5.51,84.06
2023-02-05 22:00:00+00:00,10.86,5.19,86.21
2023-02-05 23:00:00+00:00,10.54,5.27,86.32
2023-02-06 00:00:00+00:00,9.66,5.42,86.32
2023-02-06 01:00:00+00:00,9.5,5.5,86.65
2023-02-06 02:00:00+00:00,8.37,5.58,87.06
2023-02-06 03:00:00+00:00,7.7,5.46,87.57
2023-02-06 04:00:00+00:00,7.77,5.28,87.89
2023-02-06 05:00:00+00:00,11.76,4.93,88.9
2023-02-06 06:00:00+00:00,7.2,4.72,89.99
2023-02-06 07:00:00+00:00,8.92,4.73,90.67
2023-02-06 08:00:00+00:00,8.65,4.58,90.74
2023-02-06 09:00:00+00:00,14.59,4.71,91.37
2023-02-06 10:00:00+00:00,11.82,5.39,92.79
2023-02-06 11:00:00+00:00,8.4,6.96,87.07
2023-02-06 12:00:00+00:00,6.5,8.49,77.4
2023-02-06 13:00:00+00:00,6.04,9.93,69.94
2023-02-06 14:00:00+00:00,5.67,11.69,62.42
2023-02-06 15:00:00+00:00,5.57,10.63,64.95
2023-02-06 16:00:00+00:00,6.84,8.98,73.07
2023-02-06 17:00:00+00:00,6.81,7.79,76.44
2023-02-06 18:00:00+00:00,7.41,6.52,78.68
2023-02-06 19:00:00+00:00,9.05,5.38,81.27
2023-02-06 20:00:00+00:00,10.72,4.19,83.07
2023-02-06 21:00:00+00:00,11.62,3.14,85.41
2023-02-06 22:00:00+00:00,12.89,2.45,87.28
2023-02-06 23:00:00+00:00,11.99,2.09,88.32
2023-02-07 00:00:00+00:00,13.2,1.43,88.29
2023-02-07 01:00:00+00:00,15.76,1.02,89.88
2023-02-07 02:00:00+00:00,16.33,0.83,91.67
2023-02-07 03:00:00+00:00,18.5,0.93,93.27
2023-02-07 04:00:00+00:00,25.28,1.12,94.08
2023-02-07 05:00:00+00:00,25.43,0.96,93.03
2023-02-07 06:00:00+00:00,28.68,0.63,92.54
2023-02-07 07:00:00+00:00,32.54,0.46,92.86
2023-02-07 08:00:00+00:00,38.16,0.46,92.81
2023-02-07 09:00:00+00:00,50.34,0.67,93.33
2023-02-07 10:00:00+00:00,47.02,1.79,91.3
2023-02-07 11:00:00+00:00,34.4,3.29,83.1
2023-02-07 12:00:00+00:00,26.33,5.49,72.99
2023-02-07 13:00:00+00:00,18.08,7.99,58.42
2023-02-07 14:00:00+00:00,14.83,10.73,47.35
2023-02-07 15:00:00+00:00,13.41,9.76,46.6
2023-02-07 16:00:00+00:00,12.46,6.97,54.38
2023-02-07 17:00:00+00:00,13.36,5.78,59.54
2023-02-07 18:00:00+00:00,24.72,4.45,69.33
2023-02-07 19:00:00+00:00,25.83,3.32,74.47
2023-02-07 20:00:00+00:00,28.05,2.35,77.88
2023-02-07 21:00:00+00:00,34.12,1.48,80.52
2023-02-07 22:00:00+00:00,35.55,0.77,83.49
2023-02-07 23:00:00+00:00,36.77,0.29,86.12
2023-02-08 00:00:00+00:00,34.25,-0.11,87.14
2023-02-08 01:00:00+00:00,33.37,-0.48,88.02
2023-02-08 02:00:00+00:00,35.37,-0.62,89.35
2023-02-08 03:00:00+00:00,43.87,-0.52,90.45
2023-02-08 04:00:00+00:00,40.95,-0.21,86.87
2023-02-08 05:00:00+00:00,38.74,-0.49,86.06
2023-02-08 06:00:00+00:00,37.78,-1.06,85.94
2023-02-08 07:00:00+00:00,41.98,-1.43,87.43
2023-02-08 08:00:00+00:00,36.05,-1.32,85.3
2023-02-08 09:00:00+00:00,35.86,-1.07,84.0
2023-02-08 10:00:00+00:00,31.72,0.52,77.05
2023-02-08 11:00:00+00:00,28.06,2.64,69.39
2023-02-08 12:00:00+00:00,22.19,5.58,58.08
2023-02-08 13:00:00+00:00,14.21,8.68,40.63
2023-02-08 14:00:00+00:00,12.58,10.99,33.97
2023-02-08 15:00:00+00:00,11.49,10.31,33.96
2023-02-08 16:00:00+00:00,13.92,7.38,41.37
2023-02-08 17:00:00+00:00,19.81,5.91,47.5
2023-02-08 18:00:00+00:00,23.45,4.57,53.29
2023-02-08 19:00:00+00:00,24.71,3.33,56.45
2023-02-08 20:00:00+00:00,27.97,2.29,60.75
2023-02-08 21:00:00+00:00,22.6,1.94,60.39
2023-02-08 22:00:00+00:00,18.92,1.57,59.7
2023-02-08 23:00:00+00:00,18.74,1.08,61.23
2023-02-09 00:00:00+00:00,18.12,0.72,63.13
2023-02-09 01:00:00+00:00,19.71,0.45,65.4
2023-02-09 03:00:00+00:00,22.03,0.38,66.77
2023-02-09 04:00:00+00:00,23.16,0.56,67.4
2023-02-09 05:00:00+00:00,23.89,0.48,68.8
2023-02-09 06:00:00+00:00,26.39,0.17,72.07
2023-02-09 07:00:00+00:00,25.89,0.19,73.5
2023-02-09 08:00:00+00:00,24.98,0.43,73.71
2023-02-09 09:00:00+00:00,23.18,0.9,73.31
2023-02-09 10:00:00+00:00,25.06,2.06,72.97
2023-02-09 11:00:00+00:00,27.12,3.63,72.0
2023-02-09 12:00:00+00:00,29.39,5.62,70.46
2023-02-09 13:00:00+00:00,32.13,5.94,73.28
2023-02-09 14:00:00+00:00,36.49,5.89,78.45
2023-02-09 15:00:00+00:00,45.36,5.83,84.2
2023-02-09 16:00:00+00:00,47.46,6.28,86.3
2023-02-09 17:00:00+00:00,33.06,6.46,86.36
2023-02-09 18:00:00+00:00,21.7,5.46,84.36
2023-02-09 19:00:00+00:00,21.26,4.13,83.98
2023-02-09 20:00:00+00:00,22.61,2.81,85.58
2023-02-09 21:00:00+00:00,23.66,2.04,87.31
2023-02-09 22:00:00+00:00,17.57,1.45,89.49
2023-02-09 23:00:00+00:00,14.62,1.33,91.65
2023-02-10 00:00:00+00:00,10.45,1.16,92.44
2023-02-10 01:00:00+00:00,11.1,0.91,93.1
2023-02-10 02:00:00+00:00,8.14,0.86,93.72
2023-02-10 03:00:00+00:00,6.94,0.45,93.13
2023-02-10 04:00:00+00:00,9.31,0.25,93.77
2023-02-10 05:00:00+00:00,10.28,0.37,95.29
2023-02-10 06:00:00+00:00,11.3,0.33,95.03
2023-02-10 07:00:00+00:00,14.44,0.37,95.71
2023-02-10 08:00:00+00:00,17.55,1.04,96.67
2023-02-10 09:00:00+00:00,28.39,1.68,96.57
2023-02-10 10:00:00+00:00,29.03,3.54,96.24
2023-02-10 11:00:00+00:00,16.83,6.0,88.44
2023-02-10 12:00:00+00:00,8.3,8.41,74.09
2023-02-10 13:00:00+00:00,7.8,9.2,66.98
2023-02-10 14:00:00+00:00,11.46,9.49,66.76
2023-02-10 15:00:00+00:00,14.17,8.37,72.9
2023-02-10 16:00:00+00:00,19.25,7.77,77.98
2023-02-10 17:00:00+00:00,25.02,7.32,81.18
2023-02-10 18:00:00+00:00,27.53,7.03,83.84
2023-02-10 19:00:00+00:00,27.46,7.01,84.81
2023-02-10 20:00:00+00:00,18.0,7.03,84.45
2023-02-10 21:00:00+00:00,12.37,7.17,83.14
2023-02-10 22:00:00+00:00,9.84,7.43,82.93
2023-02-10 23:00:00+00:00,7.79,7.57,81.6
2023-02-11 00:00:00+00:00,7.91,7.55,83.24
2023-02-11 01:00:00+00:00,10.47,7.42,85.53
2023-02-11 02:00:00+00:00,14.32,7.06,87.29
2023-02-11 03:00:00+00:00,22.0,6.58,89.74
2023-02-11 04:00:00+00:00,25.25,6.39,90.93
2023-02-11 05:00:00+00:00,29.83,6.14,92.58
2023-02-11 06:00:00+00:00,34.78,6.5,93.9
2023-02-11 07:00:00+00:00,33.94,6.77,92.93
2023-02-11 08:00:00+00:00,35.44,6.47,92.96
2023-02-11 09:00:00+00:00,32.27,6.87,93.52
2023-02-11 10:00:00+00:00,27.65,7.7,91.47
2023-02-11 11:00:00+00:00,21.94,8.82,87.95
2023-02-11 12:00:00+00:00,16.92,10.22,82.01
2023-02-11 13:00:00+00:00,13.28,11.47,75.53
2023-02-11 14:00:00+00:00,10.16,11.44,73.99
2023-02-11 15:00:00+00:00,9.39,11.02,74.85
2023-02-11 16:00:00+00:00,10.6,10.38,76.97
2023-02-11 17:00:00+00:00,13.68,9.61,80.06
2023-02-11 18:00:00+00:00,17.03,9.07,82.62
2023-02-11 19:00:00+00:00,18.2,8.75,83.85
2023-02-11 20:00:00+00:00,18.34,8.56,84.37
2023-02-11 21:00:00+00:00,15.86,8.36,85.15
2023-02-11 22:00:00+00:00,16.33,8.08,85.36
2023-02-11 23:00:00+00:00,21.77,7.67,
2023-02-12 00:00:00+00:00,23.35,7.53,87.87
2023-02-12 01:00:00+00:00,24.02,7.43,88.28
2023-02-12 02:00:00+00:00,21.57,7.04,87.59
2023-02-12 03:00:00+00:00,20.91,6.03,86.38
2023-02-12 04:00:00+00:00,26.18,5.62,89.81
2023-02-12 05:00:00+00:00,28.51,5.96,91.86
2023-02-12 06:00:00+00:00,30.55,6.32,92.23
2023-02-12 07:00:00+00:00,27.29,6.57,91.13
2023-02-12 08:00:00+00:00,22.08,6.71,89.4
2023-02-12 09:00:00+00:00,18.0,7.19,86.95
2023-02-12 10:00:00+00:00,9.65,7.87,82.21
2023-02-12 11:00:00+00:00,8.12,8.54,77.47
2023-02-12 12:00:00+00:00,10.7,9.13,73.35
2023-02-12 13:00:00+00:00,15.29,9.42,70.04
2023-02-12 14:00:00+00:00,18.12,9.48,67.83
2023-02-12 15:00:00+00:00,22.58,9.43,67.77
2023-02-12 16:00:00+00:00,24.12,9.2,68.25
2023-02-12 17:00:00+00:00,28.15,8.93,69.99
2023-02-12 18:00:00+00:00,33.1,8.59,71.47
2023-02-12 19:00:00+00:00,34.66,8.29,72.7
2023-02-12 20:00:00+00:00,37.92,8.1,73.77
2023-02-12 21:00:00+00:00,44.48,7.94,76.96
2023-02-12 22:00:00+00:00,44.39,7.79,79.48
2023-02-12 23:00:00+00:00,46.78,7.67,78.22
2023-02-13 00:00:00+00:00,44.35,7.57,76.83
2023-02-13 01:00:00+00:00,46.26,7.39,79.13
2023-02-13 03:00:00+00:00,48.77,7.2,80.55
2023-02-13 04:00:00+00:00,47.06,7.09,81.13
2023-02-13 05:00:00+00:00,53.6,6.98,81.69
2023-02-13 06:00:00+00:00,44.32,6.96,81.65
2023-02-13 07:00:00+00:00,43.4,7.0,81.94
2023-02-13 08:00:00+00:00,41.07,6.99,82.48
2023-02-13 09:00:00+00:00,37.02,7.28,82.43
2023-02-13 10:00:00+00:00,36.09,7.87,81.93
2023-02-13 11:00:00+00:00,36.63,9.08,78.98
2023-02-13 12:00:00+00:00,36.11,10.24,74.3
2023-02-13 13:00:00+00:00,36.46,11.96,69.36
2023-02-13 14:00:00+00:00,32.38,15.38,58.24
2023-02-13 15:00:00+00:00,23.3,15.16,55.87
2023-02-13 16:00:00+00:00,25.43,12.73,63.71
2023-02-13 17:00:00+00:00,27.47,11.44,67.77
2023-02-13 18:00:00+00:00,32.85,10.06,73.19
2023-02-13 19:00:00+00:00,39.87,8.68,76.53
2023-02-13 20:00:00+00:00,42.23,7.43,79.62
2023-02-13 21:00:00+00:00,38.64,6.37,82.21
2023-02-13 22:00:00+00:00,46.5,5.75,85.11
2023-02-13 23:00:00+00:00,55.17,5.36,87.89
2023-02-14 00:00:00+00:00,56.72,5.04,88.69
2023-02-14 01:00:00+00:00,49.45,4.44,88.56
2023-02-14 02:00:00+00:00,54.05,4.03,90.08
2023-02-14 03:00:00+00:00,55.01,3.62,90.6
2023-02-14 04:00:00+00:00,45.45,3.11,90.28
2023-02-14 05:00:00+00:00,38.76,2.57,89.81
2023-02-14 06:00:00+00:00,41.04,2.1,90.23
2023-02-14 07:00:00+00:00,48.81,1.86,91.68
2023-02-14 08:00:00+00:00,68.59,1.83,92.8
2023-02-14 09:00:00+00:00,106.69,2.75,96.56
2023-02-14 10:00:00+00:00,110.02,5.13,96.03
2023-02-14 11:00:00+00:00,65.3,7.8,85.03
2023-02-14 12:00:00+00:00,55.02,12.65,67.04
2023-02-14 13:00:00+00:00,47.41,15.35,55.63
2023-02-14 14:00:00+00:00,38.71,17.42,47.27
2023-02-14 15:00:00+00:00,42.92,16.23,51.1
2023-02-14 16:00:00+00:00,50.97,13.36,60.49
2023-02-14 17:00:00+00:00,77.85,11.3,68.14
2023-02-14 18:00:00+00:00,80.43,9.74,71.46
2023-02-14 19:00:00+00:00,85.1,8.35,75.14
2023-02-14 20:00:00+00:00,92.28,7.08,78.09
2023-02-14 21:00:00+00:00,91.27,6.13,81.77
2023-02-14 22:00:00+00:00,89.42,5.38,84.38
2023-02-14 23:00:00+00:00,87.35,4.69,85.72
2023-02-15 00:00:00+00:00,80.43,4.08,86.94
2023-02-15 01:00:00+00:00,67.4,3.45,88.23
2023-02-15 02:00:00+00:00,65.54,2.94,89.78
2023-02-15 03:00:00+00:00,63.83,2.67,89.55
2023-02-15 04:00:00+00:00,57.9,2.11,89.01
2023-02-15 05:00:00+00:00,64.89,1.71,89.88
2023-02-15 06:00:00+00:00,73.91,1.33,90.8
2023-02-15 07:00:00+00:00,85.76,1.07,92.05
2023-02-15 08:00:00+00:00,95.03,1.25,94.09
2023-02-15 09:00:00+00:00,121.53,2.33,96.4
2023-02-15 10:00:00+00:00,118.1,4.76,94.65
2023-02-15 11:00:00+00:00,81.89,7.59,82.86
2023-02-15 12:00:00+00:00,64.13,10.53,70.39
2023-02-15 13:00:00+00:00,57.54,11.78,64.24
2023-02-15 14:00:00+00:00,63.29,12.45,64.03
2023-02-15 15:00:00+00:00,65.11,12.75,62.51
2023-02-15 16:00:00+00:00,64.67,11.45,66.72
2023-02-15 17:00:00+00:00,61.1,10.32,69.05
2023-02-15 18:00:00+00:00,64.05,9.24,71.72
2023-02-15 19:00:00+00:00,68.94,8.44,76.38
2023-02-15 20:00:00+00:00,69.1,8.04,77.36
2023-02-15 21:00:00+00:00,63.64,7.42,77.67
2023-02-15 22:00:00+00:00,64.15,6.9,78.77
2023-02-15 23:00:00+00:00,66.14,6.4,80.56
2023-02-16 00:00:00+00:00,69.46,5.97,82.07
2023-02-16 01:00:00+00:00,70.99,5.67,83.36
2023-02-16 02:00:00+00:00,75.36,5.71,84.43
2023-02-16 03:00:00+00:00,78.47,6.23,84.25
2023-02-16 04:00:00+00:00,79.47,6.49,84.12
2023-02-16 05:00:00+00:00,80.35,6.65,85.27
2023-02-16 06:00:00+00:00,78.45,6.78,84.92
2023-02-16 07:00:00+00:00,76.4,6.93,84.7
2023-02-16 08:00:00+00:00,73.04,7.19,85.0
2023-02-16 09:00:00+00:00,70.94,7.85,88.92
2023-02-16 10:00:00+00:00,71.64,8.5,90.98
2023-02-16 11:00:00+00:00,79.06,9.24,88.84
2023-02-16 12:00:00+00:00,68.68,10.85,83.0
2023-02-16 13:00:00+00:00,56.15,12.78,74.37
2023-02-16 14:00:00+00:00,38.08,12.11,74.32
2023-02-16 15:00:00+00:00,28.0,10.75,82.56
2023-02-16 16:00:00+00:00,45.9,10.08,89.08
2023-02-16 17:00:00+00:00,33.0,9.77,91.2
2023-02-16 18:00:00+00:00,15.32,9.66,92.44
2023-02-16 19:00:00+00:00,17.16,9.52,93.14
2023-02-16 20:00:00+00:00,23.33,9.37,93.78
2023-02-16 21:00:00+00:00,22.29,9.47,94.12
2023-02-16 22:00:00+00:00,21.17,9.49,93.98
2023-02-16 23:00:00+00:00,15.69,9.59,93.27
2023-02-17 00:00:00+00:00,15.07,9.52,92.71
2023-02-17 01:00:00+00:00,20.82,9.47,92.88
2023-02-17 03:00:00+00:00,26.77,9.16,92.34
2023-02-17 04:00:00+00:00,23.69,9.21,92.62
2023-02-17 05:00:00+00:00,23.37,9.33,92.65
2023-02-17 06:00:00+00:00,24.36,9.4,93.48
2023-02-17 07:00:00+00:00,26.2,9.69,93.82
2023-02-17 08:00:00+00:00,22.61,9.82,93.13
2023-02-17 09:00:00+00:00,20.52,10.03,92.38
2023-02-17 10:00:00+00:00,13.37,10.36,90.96
2023-02-17 11:00:00+00:00,10.69,10.54,89.45
2023-02-17 12:00:00+00:00,10.35,10.62,88.42
2023-02-17 13:00:00+00:00,9.49,10.87,86.78
2023-02-17 14:00:00+00:00,7.12,11.36,84.37
2023-02-17 15:00:00+00:00,7.07,11.64,83.12
2023-02-17 16:00:00+00:00,7.12,11.38,83.94
2023-02-17 17:00:00+00:00,7.56,10.93,85.4
2023-02-17 18:00:00+00:00,9.98,10.37,86.52
2023-02-17 19:00:00+00:00,17.93,10.31,82.7
2023-02-17 20:00:00+00:00,14.69,10.1,82.26
2023-02-17 21:00:00+00:00,7.24,9.86,85.44
2023-02-17 22:00:00+00:00,8.49,9.78,87.26
2023-02-17 23:00:00+00:00,5.36,9.85,84.46
2023-02-18 00:00:00+00:00,7.89,9.85,87.41
2023-02-18 01:00:00+00:00,10.81,9.79,89.22
2023-02-18 02:00:00+00:00,18.72,9.6,90.58
2023-02-18 03:00:00+00:00,34.49,9.66,92.55
2023-02-18 04:00:00+00:00,31.92,10.01,93.52
2023-02-18 05:00:00+00:00,19.01,9.97,93.97
2023-02-18 06:00:00+00:00,17.81,10.04,93.23
2023-02-18 07:00:00+00:00,15.1,10.02,92.25
2023-02-18 08:00:00+00:00,11.64,9.74,92.25
2023-02-18 09:00:00+00:00,7.17,9.59,88.68
2023-02-18 10:00:00+00:00,6.4,10.01,85.23
2023-02-18 11:00:00+00:00,6.36,10.95,83.07
2023-02-18 12:00:00+00:00,6.28,11.58,81.76
2023-02-18 13:00:00+00:00,6.01,12.03,80.75
2023-02-18 14:00:00+00:00,5.53,12.59,78.44
2023-02-18 15:00:00+00:00,5.09,12.12,80.26
2023-02-18 16:00:00+00:00,5.95,11.36,83.44
2023-02-18 17:00:00+00:00,5.33,10.88,85.69
2023-02-18 18:00:00+00:00,6.61,10.33,88.23
2023-02-18 19:00:00+00:00,9.4,10.06,89.55
2023-02-18 20:00:00+00:00,16.4,10.0,90.36
2023-02-18 21:00:00+00:00,16.0,10.09,91.44
2023-02-18 22:00:00+00:00,11.62,9.92,90.58
2023-02-18 23:00:00+00:00,9.47,9.75,89.89
2023-02-19 00:00:00+00:00,8.42,9.82,89.96
2023-02-19 01:00:00+00:00,15.22,9.71,92.04
2023-02-19 02:00:00+00:00,11.67,9.71,91.03
2023-02-19 03:00:00+00:00,9.65,9.62,90.73
2023-02-19 04:00:00+00:00,7.12,9.45,90.18
2023-02-19 05:00:00+00:00,7.64,9.29,90.92
2023-02-19 06:00:00+00:00,8.62,9.01,91.69
2023-02-19 07:00:00+00:00,8.3,8.99,90.86
2023-02-19 08:00:00+00:00,10.49,8.99,91.23
2023-02-19 09:00:00+00:00,9.82,9.03,90.59
2023-02-19 10:00:00+00:00,2.68,8.94,88.46
2023-02-19 11:00:00+00:00,5.03,9.06,87.42
2023-02-19 12:00:00+00:00,2.34,8.65,86.84
2023-02-19 13:00:00+00:00,2.58,8.86,85.79
2023-02-19 14:00:00+00:00,2.94,8.88,84.61
2023-02-19 15:00:00+00:00,1.82,8.86,80.11
2023-02-19 16:00:00+00:00,3.07,8.25,78.78
2023-02-19 17:00:00+00:00,2.2,7.68,80.81
2023-02-19 18:00:00+00:00,7.39,7.32,79.75
2023-02-19 19:00:00+00:00,4.34,6.78,83.44
2023-02-19 20:00:00+00:00,4.39,6.21,86.76
2023-02-19 21:00:00+00:00,5.5,5.75,88.58
2023-02-19 22:00:00+00:00,12.28,5.54,90.79
2023-02-19 23:00:00+00:00,23.89,5.57,91.53
2023-02-20 00:00:00+00:00,19.69,5.95,91.1
2023-02-20 01:00:00+00:00,16.06,6.61,91.32
2023-02-20 02:00:00+00:00,9.73,7.35,91.16
2023-02-20 03:00:00+00:00,10.4,7.55,91.51
2023-02-20 04:00:00+00:00,12.61,7.82,91.52
2023-02-20 05:00:00+00:00,12.78,7.88,91.02
2023-02-20 06:00:00+00:00,12.14,7.84,90.52
2023-02-20 07:00:00+00:00,9.36,7.83,90.13
2023-02-20 08:00:00+00:00,11.1,8.0,90.1
2023-02-20 09:00:00+00:00,12.3,8.32,89.36
2023-02-20 10:00:00+00:00,10.29,8.63,88.76
2023-02-20 11:00:00+00:00,9.77,9.08,87.68
2023-02-20 12:00:00+00:00,9.58,9.44,86.37
2023-02-20 13:00:00+00:00,8.94,9.7,85.44
2023-02-20 14:00:00+00:00,6.7,9.9,84.6
2023-02-20 15:00:00+00:00,8.53,9.53,85.4
2023-02-20 16:00:00+00:00,10.09,9.27,86.18
2023-02-20 17:00:00+00:00,10.38,9.05,87.27
2023-02-20 18:00:00+00:00,11.95,9.0,88.25
2023-02-20 19:00:00+00:00,13.12,8.95,88.74
2023-02-20 20:00:00+00:00,11.59,8.83,89.27
2023-02-20 21:00:00+00:00,11.89,8.87,89.66
2023-02-20 22:00:00+00:00,12.39,8.91,90.01
2023-02-20 23:00:00+00:00,14.28,8.98,90.05
2023-02-21 00:00:00+00:00,16.45,9.05,90.07
2023-02-21 01:00:00+00:00,20.55,9.04,90.24
2023-02-21 03:00:00+00:00,27.63,9.07,90.44
2023-02-21 04:00:00+00:00,31.53,9.02,90.75
2023-02-21 05:00:00+00:00,33.07,9.03,90.62
2023-02-21 06:00:00+00:00,38.78,8.94,91.05
2023-02-21 07:00:00+00:00,42.45,8.93,91.09
2023-02-21 08:00:00+00:00,43.8,9.01,90.96
2023-02-21 09:00:00+00:00,42.92,9.28,90.3
2023-02-21 10:00:00+00:00,34.55,9.78,88.78
2023-02-21 11:00:00+00:00,29.01,10.34,86.49
2023-02-21 12:00:00+00:00,24.5,10.84,84.33
2023-02-21 13:00:00+00:00,27.76,10.53,85.07
2023-02-21 14:00:00+00:00,31.55,9.95,88.0
2023-02-21 15:00:00+00:00,25.87,9.45,89.7
2023-02-21 16:00:00+00:00,27.73,9.18,89.8
2023-02-21 17:00:00+00:00,21.04,8.8,89.42
2023-02-21 18:00:00+00:00,17.29,8.51,87.54
2023-02-21 19:00:00+00:00,27.81,8.38,87.46
2023-02-21 20:00:00+00:00,46.91,8.34,88.12
2023-02-21 21:00:00+00:00,60.84,8.23,87.65
2023-02-21 22:00:00+00:00,62.57,8.18,87.13
2023-02-21 23:00:00+00:00,35.91,8.0,85.62
2023-02-22 01:00:00+00:00,52.34,7.61,85.91
2023-02-22 02:00:00+00:00,59.91,7.43,87.15
2023-02-22 03:00:00+00:00,46.71,7.09,87.12
2023-02-22 04:00:00+00:00,40.89,6.57,85.97
2023-02-22 05:00:00+00:00,46.61,5.79,86.37
2023-02-22 06:00:00+00:00,52.02,5.4,88.44
2023-02-22 07:00:00+00:00,53.66,5.41,89.76
2023-02-22 08:00:00+00:00,56.57,5.72,90.84
2023-02-22 09:00:00+00:00,57.51,6.24,90.74
2023-02-22 10:00:00+00:00,47.97,6.85,89.22
2023-02-22 11:00:00+00:00,39.98,7.94,85.99
2023-02-22 12:00:00+00:00,30.89,8.95,80.4
2023-02-22 13:00:00+00:00,30.47,9.69,78.22
2023-02-22 14:00:00+00:00,30.83,10.32,76.95
2023-02-22 15:00:00+00:00,32.76,10.43,77.38
2023-02-22 16:00:00+00:00,33.64,10.13,79.05
2023-02-22 17:00:00+00:00,46.33,9.42,81.94
2023-02-22 18:00:00+00:00,61.44,8.67,85.25
2023-02-22 19:00:00+00:00,65.21,8.56,87.34
2023-02-22 20:00:00+00:00,66.14,8.54,88.56
2023-02-22 21:00:00+00:00,63.33,8.42,89.49
2023-02-22 22:00:00+00:00,62.56,8.31,88.65
2023-02-22 23:00:00+00:00,63.06,8.14,89.33
2023-02-23 00:00:00+00:00,47.75,8.12,88.05
2023-02-23 01:00:00+00:00,53.61,8.15,88.47
2023-02-23 02:00:00+00:00,62.08,8.09,89.26
2023-02-23 03:00:00+00:00,62.06,7.91,90.72
2023-02-23 04:00:00+00:00,52.69,7.73,91.18
2023-02-23 05:00:00+00:00,49.26,7.57,91.43
2023-02-23 06:00:00+00:00,52.05,7.58,92.27
2023-02-23 07:00:00+00:00,50.82,7.73,92.13
2023-02-23 08:00:00+00:00,28.7,7.83,91.21
2023-02-23 09:00:00+00:00,25.35,7.98,90.44
2023-02-23 10:00:00+00:00,32.09,8.3,89.97
2023-02-23 11:00:00+00:00,37.58,8.83,87.56
2023-02-23 12:00:00+00:00,32.86,9.1,87.38
2023-02-23 13:00:00+00:00,36.91,9.55,87.25
2023-02-23 14:00:00+00:00,13.9,10.07,83.16
2023-02-23 15:00:00+00:00,8.58,8.7,83.83
2023-02-23 16:00:00+00:00,12.2,8.23,81.95
2023-02-23 17:00:00+00:00,9.15,7.75,77.06
2023-02-23 18:00:00+00:00,6.53,7.26,73.36
2023-02-23 19:00:00+00:00,6.26,6.7,71.16
2023-02-23 20:00:00+00:00,6.92,5.72,74.34
2023-02-23 21:00:00+00:00,9.41,4.78,76.07
2023-02-23 22:00:00+00:00,10.04,4.29,76.78
2023-02-23 23:00:00+00:00,9.04,4.18,77.76
2023-02-24 00:00:00+00:00,3.87,4.33,73.69
2023-02-24 01:00:00+00:00,3.32,4.36,69.94
2023-02-24 02:00:00+00:00,2.59,4.5,70.79
2023-02-24 03:00:00+00:00,2.14,4.66,71.55
2023-02-24 04:00:00+00:00,2.48,4.95,72.5
2023-02-24 05:00:00+00:00,4.17,5.09,73.89
2023-02-24 06:00:00+00:00,4.99,5.4,74.74
2023-02-24 07:00:00+00:00,4.86,5.55,77.0
2023-02-24 08:00:00+00:00,4.98,5.5,82.67
2023-02-24 09:00:00+00:00,6.94,5.64,89.72
2023-02-24 10:00:00+00:00,21.63,6.1,93.58
2023-02-24 11:00:00+00:00,12.92,7.21,92.41
2023-02-24 12:00:00+00:00,9.01,8.8,82.28
2023-02-24 13:00:00+00:00,7.26,9.68,76.33
2023-02-24 14:00:00+00:00,7.45,9.41,76.61
2023-02-24 15:00:00+00:00,3.36,9.8,70.62
2023-02-24 16:00:00+00:00,3.68,8.53,76.85
2023-02-24 17:00:00+00:00,5.74,7.65,78.27
2023-02-24 18:00:00+00:00,6.48,6.8,76.08
2023-02-24 19:00:00+00:00,6.27,6.49,74.53
2023-02-25 09:00:00+00:00,3.98,4.76,78.27
2023-02-25 10:00:00+00:00,2.95,5.98,75.63
2023-02-25 11:00:00+00:00,2.41,8.18,65.85
2023-02-25 12:00:00+00:00,2.79,8.17,64.01
2023-02-25 13:00:00+00:00,2.39,9.25,52.09
2023-02-25 14:00:00+00:00,2.67,10.64,45.44
2023-02-25 15:00:00+00:00,2.56,10.24,41.96
2023-02-25 16:00:00+00:00,2.3,8.92,43.3
2023-02-25 17:00:00+00:00,2.94,7.64,51.65
2023-02-25 18:00:00+00:00,4.05,6.35,57.8
2023-02-25 19:00:00+00:00,4.06,5.06,61.34
2023-02-25 20:00:00+00:00,4.38,4.31,61.19
2023-02-25 21:00:00+00:00,5.02,3.91,64.65
2023-02-25 22:00:00+00:00,5.51,3.58,67.93
2023-02-25 23:00:00+00:00,4.33,3.58,71.1
2023-02-26 00:00:00+00:00,3.15,3.26,72.61
2023-02-26 01:00:00+00:00,2.15,3.2,68.93
2023-02-26 02:00:00+00:00,2.29,2.61,67.96
2023-02-26 03:00:00+00:00,2.04,1.9,69.18
2023-02-26 04:00:00+00:00,2.32,1.37,68.89
2023-02-26 05:00:00+00:00,2.08,1.21,69.6
2023-02-26 06:00:00+00:00,2.16,1.09,70.38
2023-02-26 07:00:00+00:00,2.02,0.82,71.86
2023-02-26 08:00:00+00:00,2.06,0.95,73.26
2023-02-26 09:00:00+00:00,1.53,2.0,69.65
2023-02-26 10:00:00+00:00,1.46,4.09,58.75
2023-02-26 11:00:00+00:00,1.4,6.81,51.45
2023-02-26 12:00:00+00:00,1.32,11.92,39.27
2023-02-26 13:00:00+00:00,1.4,13.06,38.15
2023-02-26 14:00:00+00:00,1.36,13.06,36.46
2023-02-26 15:00:00+00:00,1.44,10.88,40.28
2023-02-26 16:00:00+00:00,1.45,9.47,44.23
2023-02-26 17:00:00+00:00,1.78,8.01,50.73
2023-02-26 18:00:00+00:00,2.35,6.34,57.89
2023-02-26 19:00:00+00:00,3.65,5.19,63.17
2023-02-26 20:00:00+00:00,5.37,4.73,64.95
2023-02-26 21:00:00+00:00,5.24,4.19,67.93
2023-02-26 22:00:00+00:00,5.05,4.02,71.3
2023-02-26 23:00:00+00:00,5.24,4.03,73.71
2023-02-27 00:00:00+00:00,4.48,3.75,74.74
2023-02-27 01:00:00+00:00,4.14,3.16,76.7
2023-02-27 02:00:00+00:00,3.81,2.7,77.62
2023-02-27 03:00:00+00:00,3.69,2.01,78.95
2023-02-27 04:00:00+00:00,3.77,1.64,80.72
2023-02-27 05:00:00+00:00,4.35,1.21,81.02
2023-02-27 06:00:00+00:00,4.69,0.62,82.66
2023-02-27 07:00:00+00:00,5.35,0.81,83.24
2023-02-27 08:00:00+00:00,6.72,1.06,82.8
2023-02-27 09:00:00+00:00,4.62,2.1,81.12
2023-02-27 10:00:00+00:00,2.88,5.41,71.95
2023-02-27 11:00:00+00:00,1.89,9.54,50.76
2023-02-27 12:00:00+00:00,1.33,13.42,35.24
2023-02-27 13:00:00+00:00,1.17,14.83,30.81
2023-02-27 14:00:00+00:00,2.01,11.82,41.56
2023-02-27 15:00:00+00:00,1.86,10.56,47.25
2023-02-27 16:00:00+00:00,1.43,9.23,51.03
2023-02-27 17:00:00+00:00,1.12,8.14,53.51
2023-02-27 18:00:00+00:00,2.08,6.96,59.51
2023-02-27 19:00:00+00:00,3.27,5.6,65.57
2023-02-27 20:00:00+00:00,4.16,4.73,71.98
2023-02-27 21:00:00+00:00,4.35,3.99,76.5
2023-02-27 22:00:00+00:00,5.15,3.4,80.64
2023-02-27 23:00:00+00:00,5.96,2.98,82.5
2023-02-28 00:00:00+00:00,6.32,3.04,85.27
2023-02-28 01:00:00+00:00,6.36,3.43,86.14
2023-02-28 02:00:00+00:00,7.01,3.63,86.72
2023-02-28 03:00:00+00:00,7.58,3.91,87.25
2023-02-28 04:00:00+00:00,8.58,4.02,87.6
2023-02-28 05:00:00+00:00,9.31,4.1,88.16
2023-02-28 06:00:00+00:00,10.32,4.14,87.92
2023-02-28 07:00:00+00:00,13.15,3.98,85.89
2023-02-28 08:00:00+00:00,22.44,3.64,87.46
2023-02-28 09:00:00+00:00,20.4,2.82,86.54
2023-02-28 10:00:00+00:00,26.84,3.21,87.74
2023-02-28 11:00:00+00:00,16.31,4.3,83.68
2023-02-28 12:00:00+00:00,7.58,5.73,71.84
2023-02-28 13:00:00+00:00,4.39,9.98,49.8
2023-02-28 14:00:00+00:00,4.53,13.29,38.91
2023-02-28 15:00:00+00:00,4.57,13.53,37.21
2023-02-28 16:00:00+00:00,4.88,11.58,40.26
2023-02-28 17:00:00+00:00,5.32,9.57,45.6
2023-02-28 18:00:00+00:00,7.56,7.29,55.74
2023-02-28 19:00:00+00:00,11.61,5.67,63.13
2023-02-28 20:00:00+00:00,16.54,4.49,67.51
2023-02-28 21:00:00+00:00,19.9,3.45,71.93
2023-02-28 22:00:00+00:00,18.3,2.73,75.53
2023-02-28 23:00:00+00:00,20.66,2.59,80.73
2023-03-01 00:00:00+00:00,23.76,2.3,83.93
2023-03-01 03:00:00+00:00,35.58,1.34,89.1
2023-03-01 04:00:00+00:00,36.36,1.02,90.64
2023-03-01 05:00:00+00:00,28.0,0.58,90.95
2023-03-01 06:00:00+00:00,26.43,0.41,90.66
2023-03-01 07:00:00+00:00,24.56,0.14,90.02
2023-03-01 08:00:00+00:00,38.35,0.43,92.24
2023-03-01 09:00:00+00:00,53.11,1.55,94.02
2023-03-01 10:00:00+00:00,50.13,2.95,91.93
2023-03-01 11:00:00+00:00,38.18,6.3,79.89
2023-03-01 12:00:00+00:00,17.83,12.23,47.27
2023-03-01 13:00:00+00:00,17.02,14.22,36.59
2023-03-01 14:00:00+00:00,20.26,14.77,35.35
2023-03-01 15:00:00+00:00,20.16,14.11,38.14
2023-03-01 16:00:00+00:00,16.75,12.23,42.62
2023-03-01 17:00:00+00:00,17.43,10.46,48.24
2023-03-01 18:00:00+00:00,22.82,7.93,58.11
2023-03-01 19:00:00+00:00,24.8,6.28,65.17
2023-03-01 20:00:00+00:00,30.24,5.08,70.8
2023-03-01 21:00:00+00:00,33.01,4.21,75.31
2023-03-01 22:00:00+00:00,39.91,3.52,80.2
2023-03-01 23:00:00+00:00,46.93,3.08,84.31
2023-03-02 00:00:00+00:00,53.58,2.91,87.75
2023-03-02 01:00:00+00:00,63.73,3.16,89.41
2023-03-02 02:00:00+00:00,55.93,3.32,87.86
2023-03-02 03:00:00+00:00,47.47,3.0,86.23
2023-03-02 04:00:00+00:00,40.78,2.83,86.9
2023-03-02 05:00:00+00:00,39.02,2.73,88.11
2023-03-02 06:00:00+00:00,43.18,2.78,88.32
2023-03-02 07:00:00+00:00,44.75,2.68,88.24
2023-03-02 08:00:00+00:00,41.93,2.94,87.27
2023-03-02 09:00:00+00:00,36.89,3.56,85.04
2023-03-02 10:00:00+00:00,36.48,4.14,83.37
2023-03-02 11:00:00+00:00,37.32,5.02,81.76
2023-03-02 12:00:00+00:00,34.15,6.47,76.05
2023-03-02 13:00:00+00:00,29.33,10.27,61.25
2023-03-02 14:00:00+00:00,27.53,12.02,55.45
2023-03-02 15:00:00+00:00,27.31,12.65,53.11
2023-03-02 16:00:00+00:00,22.69,11.73,54.19
2023-03-02 17:00:00+00:00,21.34,10.08,62.96
2023-03-02 18:00:00+00:00,15.62,7.84,70.3
2023-03-02 19:00:00+00:00,14.83,6.32,74.52
2023-03-02 20:00:00+00:00,17.79,5.25,77.56
2023-03-02 21:00:00+00:00,17.69,4.36,79.76
2023-03-02 22:00:00+00:00,21.02,3.67,82.77
2023-03-02 23:00:00+00:00,20.22,3.25,84.98
2023-03-03 00:00:00+00:00,18.67,2.94,86.98
2023-03-03 01:00:00+00:00,16.81,2.64,86.49
2023-03-03 02:00:00+00:00,11.04,2.34,86.97
2023-03-03 03:00:00+00:00,6.56,2.01,86.99
2023-03-03 04:00:00+00:00,4.37,1.62,88.65
2023-03-03 05:00:00+00:00,6.86,1.22,88.27
2023-03-03 06:00:00+00:00,11.3,0.81,88.92
2023-03-03 07:00:00+00:00,13.75,0.53,89.03
2023-03-03 08:00:00+00:00,16.02,0.58,90.55
2023-03-03 09:00:00+00:00,12.38,1.9,93.99
2023-03-03 10:00:00+00:00,6.09,6.5,81.73
2023-03-03 11:00:00+00:00,1.58,11.04,57.03
2023-03-03 12:00:00+00:00,1.6,11.48,51.61
2023-03-03 13:00:00+00:00,2.08,10.02,54.98
2023-03-03 14:00:00+00:00,1.79,9.8,54.11
2023-03-03 15:00:00+00:00,2.42,9.64,56.54
2023-03-03 16:00:00+00:00,3.2,9.12,57.85
2023-03-03 17:00:00+00:00,4.9,8.29,61.18
2023-03-03 18:00:00+00:00,5.25,7.53,64.81
2023-03-03 19:00:00+00:00,6.48,7.14,66.57
2023-03-03 20:00:00+00:00,6.41,6.99,67.85
2023-03-03 21:00:00+00:00,6.31,6.9,68.36
2023-03-03 22:00:00+00:00,5.73,6.76,69.94
2023-03-03 23:00:00+00:00,5.47,6.64,70.84
2023-03-04 00:00:00+00:00,4.5,6.56,70.46
2023-03-04 01:00:00+00:00,4.33,6.47,70.28
2023-03-04 02:00:00+00:00,4.27,6.43,70.79
2023-03-04 03:00:00+00:00,3.83,6.32,70.39
2023-03-04 04:00:00+00:00,3.16,6.23,71.31
2023-03-04 05:00:00+00:00,3.08,6.22,73.47
2023-03-04 06:00:00+00:00,2.99,6.25,73.63
2023-03-04 07:00:00+00:00,1.95,6.14,77.43
2023-03-04 08:00:00+00:00,1.72,6.38,83.06
2023-03-04 09:00:00+00:00,2.4,7.12,86.35
2023-03-04 10:00:00+00:00,1.94,8.28,81.41
2023-03-04 11:00:00+00:00,2.04,9.31,77.61
2023-03-04 12:00:00+00:00,2.43,10.58,69.17
2023-03-04 13:00:00+00:00,3.29,10.16,59.86
2023-03-04 14:00:00+00:00,2.62,9.5,61.6
2023-03-04 15:00:00+00:00,3.25,9.04,64.73
2023-03-04 16:00:00+00:00,2.32,9.43,58.03
2023-03-04 17:00:00+00:00,3.78,8.45,62.65
2023-03-04 18:00:00+00:00,4.59,7.65,63.39
2023-03-04 19:00:00+00:00,4.44,6.83,68.99
2023-03-04 20:00:00+00:00,5.86,6.09,75.19
2023-03-04 21:00:00+00:00,4.62,5.64,75.5
2023-03-04 22:00:00+00:00,3.28,5.22,78.94
2023-03-04 23:00:00+00:00,8.49,4.8,80.89
2023-03-05 00:00:00+00:00,3.43,4.34,82.2
2023-03-05 01:00:00+00:00,1.91,4.22,81.4
2023-03-05 03:00:00+00:00,2.11,4.12,86.34
2023-03-05 04:00:00+00:00,1.93,3.73,86.13
2023-03-05 05:00:00+00:00,1.7,3.44,87.54
2023-03-05 06:00:00+00:00,1.64,3.34,87.66
2023-03-05 07:00:00+00:00,1.76,3.38,88.61
2023-03-05 08:00:00+00:00,1.84,3.9,86.42
2023-03-05 09:00:00+00:00,1.88,4.75,85.06
2023-03-05 10:00:00+00:00,1.73,6.37,76.82
2023-03-05 11:00:00+00:00,1.52,7.71,66.98
2023-03-05 12:00:00+00:00,1.31,8.39,63.57
2023-03-05 13:00:00+00:00,1.23,9.0,60.03
2023-03-05 14:00:00+00:00,1.32,9.89,54.2
2023-03-05 15:00:00+00:00,1.4,9.34,54.57
2023-03-05 16:00:00+00:00,1.48,9.19,54.58
2023-03-05 17:00:00+00:00,1.96,7.6,61.86
2023-03-05 18:00:00+00:00,2.28,6.14,65.16
2023-03-05 19:00:00+00:00,5.49,5.81,68.93
2023-03-05 20:00:00+00:00,10.46,5.15,72.28
2023-03-05 21:00:00+00:00,7.07,4.81,76.2
2023-03-05 22:00:00+00:00,3.59,4.04,78.44
2023-03-05 23:00:00+00:00,3.76,3.43,80.71
2023-03-06 00:00:00+00:00,3.4,3.05,82.93
2023-03-06 01:00:00+00:00,2.8,2.72,84.15
2023-03-06 02:00:00+00:00,1.46,2.49,86.27
2023-03-06 03:00:00+00:00,1.89,3.04,89.01
2023-03-06 04:00:00+00:00,2.62,3.5,89.95
2023-03-06 05:00:00+00:00,1.87,3.66,86.5
2023-03-06 06:00:00+00:00,1.88,3.12,85.15
2023-03-06 07:00:00+00:00,2.79,2.91,86.0
2023-03-06 08:00:00+00:00,4.18,3.12,86.64
2023-03-06 09:00:00+00:00,2.54,4.01,79.13
2023-03-06 10:00:00+00:00,1.11,6.47,65.16
2023-03-06 11:00:00+00:00,1.64,8.4,58.68
2023-03-06 12:00:00+00:00,2.83,7.78,64.7
2023-03-06 13:00:00+00:00,5.42,8.5,66.49
2023-03-06 14:00:00+00:00,7.87,8.37,60.63
2023-03-06 15:00:00+00:00,4.71,7.11,59.7
2023-03-06 16:00:00+00:00,7.65,6.02,68.27
2023-03-06 17:00:00+00:00,12.8,5.43,73.06
2023-03-06 18:00:00+00:00,24.01,4.67,83.01
2023-03-06 19:00:00+00:00,29.63,4.33,87.23
2023-03-06 20:00:00+00:00,36.68,4.33,89.48
2023-03-06 21:00:00+00:00,25.27,4.57,90.92
2023-03-06 22:00:00+00:00,5.81,4.78,89.79
2023-03-06 23:00:00+00:00,3.95,4.77,88.47
2023-03-07 00:00:00+00:00,3.59,4.88,87.95
2023-03-07 01:00:00+00:00,3.43,4.12,87.91
2023-03-07 02:00:00+00:00,3.47,4.25,84.8
2023-03-07 03:00:00+00:00,2.79,4.33,82.95
2023-03-07 04:00:00+00:00,2.52,4.17,80.33
2023-03-07 05:00:00+00:00,2.34,3.96,78.68
2023-03-07 06:00:00+00:00,1.89,3.26,82.0
2023-03-07 07:00:00+00:00,1.97,3.08,83.6
2023-03-07 08:00:00+00:00,2.37,3.15,82.61
2023-03-07 09:00:00+00:00,3.0,3.34,84.76
2023-03-07 10:00:00+00:00,2.15,3.39,86.62
2023-03-07 11:00:00+00:00,2.05,3.47,85.3
2023-03-07 12:00:00+00:00,3.47,4.09,86.1
2023-03-07 13:00:00+00:00,2.37,5.15,82.02
2023-03-07 14:00:00+00:00,2.57,4.2,80.25
2023-03-07 15:00:00+00:00,2.09,4.81,75.5
2023-03-07 16:00:00+00:00,1.83,4.35,76.95
2023-03-07 17:00:00+00:00,1.61,3.51,82.26
2023-03-07 18:00:00+00:00,5.51,2.87,82.65
2023-03-07 19:00:00+00:00,12.27,2.11,83.07
2023-03-07 20:00:00+00:00,4.76,2.07,82.24
2023-03-07 21:00:00+00:00,8.94,1.81,83.64
2023-03-07 22:00:00+00:00,7.34,1.27,84.38
2023-03-07 23:00:00+00:00,3.49,0.89,83.58
2023-03-08 00:00:00+00:00,1.45,0.64,83.96
2023-03-08 01:00:00+00:00,3.94,0.27,85.95
2023-03-08 02:00:00+00:00,1.44,0.53,88.16
2023-03-08 03:00:00+00:00,3.73,0.37,87.86
2023-03-08 04:00:00+00:00,5.84,0.01,87.6
2023-03-08 05:00:00+00:00,7.86,-0.29,89.18
2023-03-08 06:00:00+00:00,13.68,-0.22,90.75
2023-03-08 07:00:00+00:00,20.85,0.03,91.32
2023-03-08 08:00:00+00:00,33.87,0.72,91.55
2023-03-08 09:00:00+00:00,26.02,1.66,89.08
2023-03-08 10:00:00+00:00,20.27,3.44,84.35
2023-03-08 11:00:00+00:00,7.74,5.17,73.61
2023-03-08 12:00:00+00:00,10.66,5.74,71.73
2023-03-08 13:00:00+00:00,13.1,5.63,71.21
2023-03-08 14:00:00+00:00,9.31,6.28,67.56
2023-03-08 15:00:00+00:00,11.18,6.39,66.15
2023-03-08 16:00:00+00:00,8.93,5.72,66.79
2023-03-08 17:00:00+00:00,7.02,5.15,65.37
2023-03-08 18:00:00+00:00,9.69,4.59,68.87
2023-03-08 19:00:00+00:00,16.33,4.21,73.05
2023-03-08 20:00:00+00:00,16.8,3.92,75.81
2023-03-08 21:00:00+00:00,16.22,3.65,78.5
2023-03-08 22:00:00+00:00,22.46,3.21,80.73
2023-03-08 23:00:00+00:00,14.43,2.64,79.41
2023-03-09 00:00:00+00:00,13.39,2.19,81.27
2023-03-09 01:00:00+00:00,13.13,2.01,82.1
2023-03-09 03:00:00+00:00,10.74,2.12,80.16
2023-03-09 04:00:00+00:00,11.91,2.02,81.05
2023-03-09 05:00:00+00:00,14.31,1.82,82.68
2023-03-09 06:00:00+00:00,18.52,1.59,84.21
2023-03-09 07:00:00+00:00,24.63,1.78,85.4
2023-03-09 08:00:00+00:00,26.59,2.29,83.51
2023-03-09 09:00:00+00:00,27.34,2.81,81.82
2023-03-09 10:00:00+00:00,23.83,3.75,79.25
2023-03-09 11:00:00+00:00,21.26,4.26,76.48
2023-03-09 12:00:00+00:00,21.65,4.57,75.69
2023-03-09 13:00:00+00:00,25.47,4.54,79.76
2023-03-09 14:00:00+00:00,25.49,4.56,81.69
2023-03-09 15:00:00+00:00,25.93,4.15,83.85
2023-03-09 16:00:00+00:00,24.56,3.75,85.72
2023-03-09 17:00:00+00:00,20.97,3.02,85.59
2023-03-09 18:00:00+00:00,17.76,2.16,88.01
2023-03-09 19:00:00+00:00,18.81,2.13,90.39
2023-03-09 20:00:00+00:00,16.14,2.2,90.99
2023-03-09 21:00:00+00:00,15.21,2.32,91.42
2023-03-09 22:00:00+00:00,14.76,2.42,91.27
2023-03-09 23:00:00+00:00,16.35,2.49,91.34
2023-03-10 00:00:00+00:00,19.57,2.53,91.42
2023-03-10 01:00:00+00:00,18.58,2.6,91.63
2023-03-10 02:00:00+00:00,15.93,2.61,91.74
2023-03-10 03:00:00+00:00,15.29,2.65,91.72
2023-03-10 04:00:00+00:00,15.56,2.56,91.59
2023-03-10 05:00:00+00:00,11.04,2.4,91.31
2023-03-10 06:00:00+00:00,12.61,2.32,91.48
2023-03-10 07:00:00+00:00,13.39,2.37,91.55
2023-03-10 08:00:00+00:00,13.89,2.45,91.69
2023-03-10 09:00:00+00:00,11.5,2.65,91.65
2023-03-10 10:00:00+00:00,14.11,2.8,90.36
2023-03-10 11:00:00+00:00,17.08,2.66,90.29
2023-03-10 12:00:00+00:00,17.83,2.51,90.48
2023-03-10 13:00:00+00:00,20.33,2.49,89.82
2023-03-10 14:00:00+00:00,15.34,1.9,89.61
2023-03-10 15:00:00+00:00,9.78,1.32,90.43
2023-03-10 16:00:00+00:00,4.6,1.07,91.22
2023-03-10 17:00:00+00:00,1.91,1.33,91.05
2023-03-10 18:00:00+00:00,2.7,1.45,90.59
2023-03-10 19:00:00+00:00,3.3,1.43,85.91
2023-03-10 20:00:00+00:00,3.71,1.71,83.9
2023-03-10 21:00:00+00:00,3.85,2.06,80.61
2023-03-10 22:00:00+00:00,2.76,1.95,73.17
2023-03-10 23:00:00+00:00,2.32,1.8,70.86
2023-03-11 00:00:00+00:00,1.89,1.64,66.95
2023-03-11 01:00:00+00:00,1.54,1.52,65.16
2023-03-11 02:00:00+00:00,1.68,1.13,67.84
2023-03-11 03:00:00+00:00,1.59,0.69,68.15
2023-03-11 04:00:00+00:00,1.52,0.24,72.61
2023-03-11 05:00:00+00:00,1.71,-0.64,79.57
2023-03-11 06:00:00+00:00,2.13,-1.43,81.46
2023-03-11 07:00:00+00:00,3.22,-2.11,83.38
2023-03-11 08:00:00+00:00,7.92,-1.84,87.62
2023-03-11 09:00:00+00:00,8.62,0.12,82.92
2023-03-11 10:00:00+00:00,3.58,4.99,67.0
2023-03-11 11:00:00+00:00,1.86,6.82,58.38
2023-03-11 12:00:00+00:00,1.46,8.97,50.2
2023-03-11 13:00:00+00:00,1.09,10.98,41.82
2023-03-11 14:00:00+00:00,0.98,10.45,43.32
2023-03-11 15:00:00+00:00,1.39,9.34,48.94
2023-03-11 16:00:00+00:00,1.43,9.01,50.6
2023-03-11 17:00:00+00:00,1.79,8.25,55.27
2023-03-11 18:00:00+00:00,3.14,7.03,62.47
2023-03-11 19:00:00+00:00,5.69,5.93,67.6
2023-03-11 20:00:00+00:00,18.33,4.86,71.48
2023-03-11 21:00:00+00:00,26.88,3.95,74.73
2023-03-11 22:00:00+00:00,21.83,3.43,77.38
2023-03-11 23:00:00+00:00,22.69,3.0,78.66
2023-03-12 00:00:00+00:00,16.47,2.87,79.19
2023-03-12 01:00:00+00:00,10.94,2.89,75.09
2023-03-12 02:00:00+00:00,10.14,3.04,70.09
2023-03-12 03:00:00+00:00,8.91,3.37,68.49
2023-03-12 04:00:00+00:00,9.14,3.69,67.44
2023-03-12 05:00:00+00:00,7.65,3.66,72.09
2023-03-12 06:00:00+00:00,8.62,3.62,79.03
2023-03-12 07:00:00+00:00,14.24,3.43,85.01
2023-03-12 08:00:00+00:00,22.61,3.55,89.3
2023-03-12 09:00:00+00:00,36.98,4.19,92.04
2023-03-12 10:00:00+00:00,38.83,5.73,94.69
2023-03-12 11:00:00+00:00,12.95,8.45,92.46
2023-03-12 12:00:00+00:00,10.09,9.58,85.64
2023-03-12 13:00:00+00:00,11.69,10.47,80.76
2023-03-12 14:00:00+00:00,12.89,10.65,78.29
2023-03-12 15:00:00+00:00,12.44,11.29,74.04
2023-03-12 16:00:00+00:00,12.05,10.78,75.22
2023-03-12 17:00:00+00:00,11.95,10.27,76.86
2023-03-12 18:00:00+00:00,14.52,9.78,80.17
2023-03-12 19:00:00+00:00,11.71,9.23,85.3
2023-03-12 20:00:00+00:00,10.51,9.14,85.88
2023-03-12 21:00:00+00:00,8.44,9.41,83.4
2023-03-12 22:00:00+00:00,9.98,9.51,83.69
2023-03-12 23:00:00+00:00,9.09,9.35,87.01
2023-03-13 00:00:00+00:00,10.69,9.04,90.69
2023-03-13 01:00:00+00:00,11.47,9.15,92.31
2023-03-13 03:00:00+00:00,16.64,10.33,95.41
2023-03-13 04:00:00+00:00,9.94,11.44,93.38
2023-03-13 05:00:00+00:00,7.05,11.97,91.07
2023-03-13 06:00:00+00:00,6.66,12.41,85.52
2023-03-13 07:00:00+00:00,6.16,12.31,85.35
2023-03-13 08:00:00+00:00,5.95,11.86,89.56
2023-03-13 09:00:00+00:00,5.88,12.25,85.2
2023-03-13 10:00:00+00:00,6.52,14.1,73.31
2023-03-13 11:00:00+00:00,5.43,15.17,66.7
2023-03-13 12:00:00+00:00,6.59,15.94,61.14
2023-03-14 12:00:00+00:00,3.36,18.72,32.45
2023-03-14 13:00:00+00:00,3.02,11.59,40.42
2023-03-14 14:00:00+00:00,2.92,10.7,40.59
2023-03-14 15:00:00+00:00,2.98,10.33,40.3
2023-03-14 16:00:00+00:00,2.73,8.78,46.84
2023-03-14 17:00:00+00:00,3.88,8.04,50.58
2023-03-14 18:00:00+00:00,2.91,6.76,50.63
2023-03-14 19:00:00+00:00,5.43,6.04,54.51
2023-03-14 20:00:00+00:00,3.99,5.7,61.09
2023-03-14 21:00:00+00:00,3.89,5.59,64.4
2023-03-14 22:00:00+00:00,2.75,4.79,75.07
2023-03-14 23:00:00+00:00,2.62,3.66,83.15
2023-03-15 00:00:00+00:00,4.0,3.43,85.2
2023-03-15 01:00:00+00:00,2.95,3.24,83.58
2023-03-15 02:00:00+00:00,3.32,3.09,82.21
2023-03-15 03:00:00+00:00,3.18,2.56,81.43
2023-03-15 04:00:00+00:00,3.04,1.79,84.12
2023-03-15 05:00:00+00:00,3.44,2.09,84.07
2023-03-15 06:00:00+00:00,2.49,2.07,85.59
2023-03-15 07:00:00+00:00,3.26,1.59,86.95
2023-03-15 08:00:00+00:00,4.07,1.91,87.77
2023-03-15 09:00:00+00:00,3.04,3.38,85.06
2023-03-15 10:00:00+00:00,2.74,9.15,64.16
2023-03-15 11:00:00+00:00,2.18,12.6,43.78
2023-03-15 12:00:00+00:00,1.61,14.8,38.04
2023-03-15 13:00:00+00:00,2.19,15.28,36.42
2023-03-15 14:00:00+00:00,2.19,15.02,36.94
2023-03-15 15:00:00+00:00,2.46,13.34,42.55
2023-03-15 16:00:00+00:00,2.1,11.66,48.97
2023-03-15 17:00:00+00:00,2.03,10.3,55.16
2023-03-15 18:00:00+00:00,3.1,9.03,59.64
2023-03-15 19:00:00+00:00,12.41,8.35,63.49
2023-03-15 20:00:00+00:00,12.74,7.58,62.99
2023-03-15 21:00:00+00:00,11.01,6.98,61.7
2023-03-15 22:00:00+00:00,9.78,6.72,59.59
2023-03-15 23:00:00+00:00,9.83,6.55,60.75
2023-03-16 00:00:00+00:00,10.17,6.35,61.54
2023-03-16 01:00:00+00:00,10.52,6.26,62.24
2023-03-16 02:00:00+00:00,11.23,6.23,65.64
2023-03-16 03:00:00+00:00,12.57,6.26,69.77
2023-03-16 04:00:00+00:00,13.21,6.05,75.5
2023-03-16 05:00:00+00:00,13.37,5.93,77.68
2023-03-24 10:00:00+00:00,6.8,14.9,68.82
2023-03-24 11:00:00+00:00,6.49,17.47,58.76
2023-03-24 12:00:00+00:00,6.16,14.64,65.81
2023-03-24 13:00:00+00:00,5.03,15.03,63.8
2023-03-24 14:00:00+00:00,5.52,14.65,64.37
2023-03-24 15:00:00+00:00,5.73,14.89,63.67
2023-03-24 16:00:00+00:00,5.46,14.75,62.58
2023-03-24 17:00:00+00:00,5.56,13.36,66.26
2023-03-24 18:00:00+00:00,4.62,11.96,68.96
2023-03-24 19:00:00+00:00,5.2,11.08,70.63
2023-03-24 20:00:00+00:00,6.43,10.55,75.42
2023-03-24 21:00:00+00:00,6.62,10.21,76.05
2023-03-24 22:00:00+00:00,8.3,9.93,78.2
2023-03-24 23:00:00+00:00,8.14,9.81,78.93
2023-03-25 00:00:00+00:00,8.66,9.66,80.8
2023-03-25 01:00:00+00:00,9.96,9.26,83.29
2023-03-25 03:00:00+00:00,11.03,9.23,83.86
2023-03-25 04:00:00+00:00,14.01,9.08,84.92
2023-03-25 05:00:00+00:00,13.14,8.94,84.59
2023-03-25 06:00:00+00:00,9.98,8.83,83.1
2023-03-25 07:00:00+00:00,9.92,8.69,85.2
2023-03-25 08:00:00+00:00,9.18,9.18,82.01
2023-03-25 09:00:00+00:00,8.26,9.57,80.28
2023-03-25 10:00:00+00:00,8.22,10.24,77.03
2023-03-25 11:00:00+00:00,8.33,11.52,72.23
2023-03-25 12:00:00+00:00,8.39,12.61,68.27
2023-03-25 13:00:00+00:00,7.45,13.28,65.28
2023-03-25 14:00:00+00:00,5.68,12.76,66.05
2023-03-25 15:00:00+00:00,4.8,10.18,78.75
2023-03-25 16:00:00+00:00,3.26,9.53,81.4
2023-03-25 17:00:00+00:00,3.4,9.07,84.35
2023-03-25 18:00:00+00:00,3.34,9.23,82.22
2023-03-25 19:00:00+00:00,3.39,9.04,81.69
2023-03-25 20:00:00+00:00,4.42,8.73,84.32
2023-03-25 21:00:00+00:00,4.62,8.46,85.17
2023-03-25 22:00:00+00:00,3.36,7.89,84.47
2023-03-25 23:00:00+00:00,4.65,7.6,87.34
2023-03-26 00:00:00+00:00,4.75,7.81,89.04
2023-03-26 01:00:00+00:00,5.57,7.89,89.01
2023-03-26 02:00:00+00:00,5.16,7.68,89.23
2023-03-26 03:00:00+00:00,5.81,7.29,89.18
2023-03-26 04:00:00+00:00,11.2,6.91,90.37
2023-03-26 05:00:00+00:00,18.32,7.06,91.84
2023-03-26 06:00:00+00:00,14.56,7.28,92.17
2023-03-26 07:00:00+00:00,7.88,7.47,90.84
2023-03-26 08:00:00+00:00,5.99,7.79,87.24
2023-03-26 09:00:00+00:00,6.53,8.05,82.46
2023-03-26 10:00:00+00:00,5.85,8.51,77.31
2023-03-26 11:00:00+00:00,5.21,9.58,70.51
2023-03-26 12:00:00+00:00,4.71,10.4,64.76
2023-03-26 13:00:00+00:00,3.33,12.23,56.61
2023-03-26 14:00:00+00:00,3.74,11.64,54.55
2023-03-26 15:00:00+00:00,3.0,11.76,50.87
2023-03-26 16:00:00+00:00,3.09,10.89,50.38
2023-03-26 17:00:00+00:00,2.79,9.39,54.14
2023-03-26 18:00:00+00:00,2.92,8.2,60.41
2023-03-26 19:00:00+00:00,3.09,7.38,60.02
2023-03-26 20:00:00+00:00,3.75,6.71,63.64
2023-03-26 21:00:00+00:00,2.94,6.07,68.05
2023-03-26 22:00:00+00:00,3.2,5.56,69.35
2023-03-26 23:00:00+00:00,2.84,5.33,70.26
2023-03-27 00:00:00+00:00,1.92,4.77,76.17
2023-03-27 01:00:00+00:00,1.79,4.35,78.24
2023-03-27 02:00:00+00:00,2.25,3.8,81.33
2023-03-27 03:00:00+00:00,2.25,3.49,82.02
2023-03-27 04:00:00+00:00,2.87,3.49,84.11
2023-03-27 05:00:00+00:00,3.1,3.38,80.78
2023-03-27 06:00:00+00:00,2.62,3.41,78.84
2023-03-27 07:00:00+00:00,2.24,3.92,79.2
2023-03-27 08:00:00+00:00,1.96,3.96,81.24
2023-03-27 09:00:00+00:00,2.21,4.63,78.38
2023-03-27 10:00:00+00:00,2.53,7.94,64.48
2023-03-27 13:00:00+00:00,2.35,11.05,50.53
2023-03-27 14:00:00+00:00,2.21,11.23,45.72
2023-03-27 15:00:00+00:00,2.43,10.84,45.58
2023-03-27 16:00:00+00:00,2.42,9.99,47.63
2023-03-27 17:00:00+00:00,2.76,8.78,53.54
2023-03-27 19:00:00+00:00,3.37,6.53,65.88
2023-03-27 20:00:00+00:00,2.67,5.51,66.72
2023-03-27 21:00:00+00:00,2.73,4.91,71.52
2023-03-27 22:00:00+00:00,3.16,4.53,73.89
2023-03-27 23:00:00+00:00,2.43,4.15,75.98
2023-03-28 00:00:00+00:00,2.23,3.79,78.17
2023-03-28 01:00:00+00:00,2.88,2.92,80.49
2023-03-28 02:00:00+00:00,3.44,2.17,82.23
2023-03-28 03:00:00+00:00,6.71,1.58,84.48
2023-03-28 04:00:00+00:00,10.2,1.18,85.22
2023-03-28 05:00:00+00:00,8.2,0.76,85.45
2023-03-28 06:00:00+00:00,7.13,0.65,85.5
2023-03-28 07:00:00+00:00,10.36,1.53,86.87
2023-03-28 08:00:00+00:00,9.8,3.08,84.85
2023-03-28 09:00:00+00:00,6.38,5.29,74.38
2023-03-28 10:00:00+00:00,4.43,8.18,59.35
2023-03-28 13:00:00+00:00,5.85,9.18,48.78
2023-03-28 14:00:00+00:00,5.54,9.51,49.5
2023-03-28 15:00:00+00:00,5.75,9.0,55.87
2023-03-28 16:00:00+00:00,7.08,8.69,64.87
2023-03-28 18:00:00+00:00,11.7,7.65,78.53
2023-03-28 21:00:00+00:00,10.58,6.93,77.79
2023-03-28 22:00:00+00:00,9.42,6.61,78.84
2023-03-29 00:00:00+00:00,6.34,6.26,79.4
2023-03-29 01:00:00+00:00,6.57,6.27,79.08
2023-03-29 05:00:00+00:00,12.72,7.11,82.01
2023-03-29 06:00:00+00:00,14.43,7.37,82.35
2023-03-29 08:00:00+00:00,18.27,8.68,83.15
2023-03-29 09:00:00+00:00,23.44,9.75,84.73
2023-03-29 11:00:00+00:00,26.85,12.14,80.03
2023-03-29 12:00:00+00:00,28.52,13.18,77.83
2023-03-29 14:00:00+00:00,18.31,13.61,75.62
2023-03-29 15:00:00+00:00,17.4,13.61,75.03
2023-03-29 18:00:00+00:00,25.42,13.33,78.81
2023-03-29 21:00:00+00:00,18.58,12.59,84.64
2023-03-29 22:00:00+00:00,14.76,12.56,84.66
2023-03-29 23:00:00+00:00,11.95,12.58,83.52
2023-03-30 00:00:00+00:00,10.01,12.67,81.48
2023-03-30 01:00:00+00:00,4.89,12.91,77.81
2023-03-30 02:00:00+00:00,4.8,12.51,81.91
2023-03-30 03:00:00+00:00,4.16,12.5,81.4
2023-03-30 04:00:00+00:00,4.43,12.56,82.3
2023-03-30 05:00:00+00:00,4.77,12.18,82.82
2023-03-30 06:00:00+00:00,6.93,11.53,84.42
2023-03-30 07:00:00+00:00,9.47,11.44,84.19
2023-03-30 08:00:00+00:00,10.68,11.68,81.46
2023-03-30 09:00:00+00:00,10.56,12.72,77.24
2023-03-30 10:00:00+00:00,10.42,14.78,69.24
2023-03-30 11:00:00+00:00,11.78,15.76,64.64
2023-03-30 12:00:00+00:00,11.05,16.07,64.54
2023-03-30 13:00:00+00:00,11.31,15.81,65.93
2023-03-30 14:00:00+00:00,12.47,15.45,67.19
2023-03-30 15:00:00+00:00,12.16,15.08,68.47
2023-03-30 16:00:00+00:00,12.31,14.6,70.48
2023-03-30 17:00:00+00:00,10.99,14.36,70.5
2023-03-30 18:00:00+00:00,11.46,12.88,75.59
2023-03-30 19:00:00+00:00,11.02,11.84,80.01
2023-03-30 20:00:00+00:00,11.3,11.29,81.75
2023-03-30 21:00:00+00:00,11.95,11.09,82.23
2023-03-30 22:00:00+00:00,11.33,11.04,82.66
2023-03-30 23:00:00+00:00,10.14,10.93,81.8
2023-03-31 00:00:00+00:00,9.63,10.53,83.47
2023-03-31 01:00:00+00:00,8.73,10.44,85.57
2023-03-31 02:00:00+00:00,7.26,10.48,88.14
2023-03-31 03:00:00+00:00,9.01,10.38,91.02
2023-03-31 04:00:00+00:00,8.13,10.51,91.73
2023-03-31 05:00:00+00:00,6.57,10.37,91.3
2023-03-31 06:00:00+00:00,9.26,10.37,91.81
2023-03-31 07:00:00+00:00,8.07,10.45,92.04
2023-03-31 08:00:00+00:00,5.75,10.62,92.08
2023-03-31 09:00:00+00:00,7.85,11.45,91.5
2023-03-31 10:00:00+00:00,7.54,12.26,88.42
2023-03-31 11:00:00+00:00,6.85,12.02,89.51
2023-03-31 12:00:00+00:00,5.32,12.24,87.9
2023-03-31 13:00:00+00:00,4.35,12.13,87.92
2023-03-31 14:00:00+00:00,4.45,12.08,89.2
2023-03-31 15:00:00+00:00,5.52,12.55,88.1
2023-03-31 16:00:00+00:00,5.5,11.89,89.32
2023-03-31 17:00:00+00:00,6.14,11.52,90.47
2023-03-31 18:00:00+00:00,6.2,11.17,90.92
2023-03-31 19:00:00+00:00,7.64,10.85,91.93
2023-03-31 20:00:00+00:00,7.69,10.52,92.67
2023-03-31 21:00:00+00:00,8.91,10.52,93.24
2023-03-31 22:00:00+00:00,12.65,10.46,93.17
2023-03-31 23:00:00+00:00,14.48,10.31,93.05
2023-04-01 00:00:00+00:00,15.97,10.13,93.05
2023-04-01 01:00:00+00:00,13.59,9.88,93.04
2023-04-01 02:00:00+00:00,14.87,9.92,93.79
2023-04-01 03:00:00+00:00,14.52,10.08,94.6
2023-04-01 04:00:00+00:00,13.78,10.16,93.83
2023-04-01 05:00:00+00:00,11.59,10.0,93.04
2023-04-01 06:00:00+00:00,17.66,9.97,93.67
2023-04-01 07:00:00+00:00,18.45,9.87,93.64
2023-04-01 08:00:00+00:00,20.67,10.09,93.67
2023-04-01 09:00:00+00:00,13.2,10.5,92.78
2023-04-01 10:00:00+00:00,12.43,10.88,92.13
2023-04-01 11:00:00+00:00,13.94,11.84,90.98
2023-04-01 12:00:00+00:00,14.66,12.52,88.16
2023-04-01 13:00:00+00:00,11.93,12.84,87.33
2023-04-01 14:00:00+00:00,10.06,12.7,87.72
2023-04-01 15:00:00+00:00,9.32,11.9,87.11
2023-04-01 16:00:00+00:00,7.55,11.29,86.88
2023-04-01 17:00:00+00:00,6.65,10.58,86.88
2023-04-01 18:00:00+00:00,5.98,9.98,86.95
2023-04-01 19:00:00+00:00,7.68,9.34,86.67
2023-04-01 20:00:00+00:00,11.12,8.79,86.85
2023-04-01 21:00:00+00:00,13.52,8.27,87.15
2023-04-01 22:00:00+00:00,15.58,7.88,87.12
2023-04-01 23:00:00+00:00,15.61,7.44,86.45
2023-04-02 00:00:00+00:00,14.98,7.14,85.72
2023-04-02 01:00:00+00:00,12.66,6.81,84.84
2023-04-02 03:00:00+00:00,10.42,6.17,84.78
2023-04-02 04:00:00+00:00,9.96,5.63,84.08
2023-04-02 05:00:00+00:00,9.42,4.95,81.78
2023-04-02 06:00:00+00:00,6.39,4.29,80.35
2023-04-02 07:00:00+00:00,3.85,3.88,78.55
2023-04-02 08:00:00+00:00,3.32,4.09,76.58
2023-04-02 09:00:00+00:00,3.51,5.25,73.56
2023-04-02 10:00:00+00:00,2.39,9.69,58.64
2023-04-02 11:00:00+00:00,2.13,12.67,48.62
2023-04-02 12:00:00+00:00,2.37,14.68,43.41
2023-04-02 13:00:00+00:00,2.08,16.14,38.75
2023-04-02 14:00:00+00:00,1.91,16.78,37.03
2023-04-02 15:00:00+00:00,2.73,16.73,38.16
2023-04-02 16:00:00+00:00,2.05,15.93,39.4
2023-04-02 17:00:00+00:00,1.83,13.97,44.19
2023-04-02 18:00:00+00:00,1.7,11.79,53.21
2023-04-02 19:00:00+00:00,2.35,9.83,60.91
2023-04-02 20:00:00+00:00,1.93,8.3,64.05
2023-04-02 21:00:00+00:00,2.57,7.19,69.24
2023-04-02 22:00:00+00:00,2.71,6.4,72.17
2023-04-02 23:00:00+00:00,2.71,5.67,72.92
2023-04-03 00:00:00+00:00,2.8,5.11,72.78
2023-04-03 01:00:00+00:00,2.52,4.71,72.68
2023-04-03 02:00:00+00:00,2.98,4.28,75.31
2023-04-03 03:00:00+00:00,3.3,3.96,77.69
2023-04-03 04:00:00+00:00,4.02,3.49,78.71
2023-04-03 05:00:00+00:00,4.4,3.03,80.52
2023-04-03 06:00:00+00:00,5.26,2.73,82.78
2023-04-03 07:00:00+00:00,4.86,2.91,82.7
2023-04-03 08:00:00+00:00,4.32,3.58,79.19
2023-04-03 09:00:00+00:00,3.87,5.56,71.23
2023-04-03 10:00:00+00:00,2.42,11.03,46.14
2023-04-03 11:00:00+00:00,1.68,14.32,35.75
2023-04-03 12:00:00+00:00,1.45,16.81,27.5
2023-04-03 13:00:00+00:00,1.21,17.79,24.88
2023-04-03 14:00:00+00:00,1.45,18.36,25.48
2023-04-03 15:00:00+00:00,1.61,18.25,25.29
2023-04-03 16:00:00+00:00,1.83,16.67,29.2
2023-04-03 17:00:00+00:00,2.02,14.49,32.37
2023-04-03 18:00:00+00:00,3.67,12.18,38.16
2023-04-03 19:00:00+00:00,5.2,10.41,43.02
2023-04-03 20:00:00+00:00,5.59,9.12,47.6
2023-04-03 21:00:00+00:00,3.71,7.65,57.66
2023-04-03 22:00:00+00:00,2.91,6.54,63.77
2023-04-03 23:00:00+00:00,2.66,5.94,62.51
2023-04-04 00:00:00+00:00,3.15,5.31,65.59
2023-04-04 01:00:00+00:00,4.25,4.66,69.58
2023-04-04 02:00:00+00:00,5.86,3.99,72.41
2023-04-04 03:00:00+00:00,8.45,3.41,75.07
2023-04-04 04:00:00+00:00,10.57,2.84,77.69
2023-04-04 05:00:00+00:00,12.83,2.19,79.99
2023-04-04 06:00:00+00:00,16.04,1.82,82.6
2023-04-04 07:00:00+00:00,16.8,2.02,84.64
2023-04-04 08:00:00+00:00,15.47,3.34,81.98
2023-04-04 09:00:00+00:00,7.96,6.22,62.08
2023-04-04 10:00:00+00:00,3.38,12.44,37.38
2023-04-04 11:00:00+00:00,4.19,16.42,30.99
2023-04-04 12:00:00+00:00,4.61,18.35,27.27
2023-04-04 13:00:00+00:00,4.74,19.49,24.69
2023-04-04 14:00:00+00:00,5.74,20.19,24.84
2023-04-04 15:00:00+00:00,6.3,18.59,28.21
2023-04-04 16:00:00+00:00,6.21,16.24,29.71
2023-04-04 17:00:00+00:00,6.06,15.11,28.65
2023-04-04 18:00:00+00:00,7.74,13.22,36.31
2023-04-04 19:00:00+00:00,8.38,11.17,46.35
2023-04-04 20:00:00+00:00,10.92,9.45,54.38
2023-04-04 21:00:00+00:00,13.96,8.12,59.6
2023-04-04 22:00:00+00:00,14.66,6.98,64.38
2023-04-04 23:00:00+00:00,11.89,6.18,68.05
2023-04-05 00:00:00+00:00,10.22,5.4,70.55
2023-04-05 01:00:00+00:00,13.08,4.68,73.76
2023-04-05 02:00:00+00:00,18.72,4.05,76.98
2023-04-05 03:00:00+00:00,20.86,3.35,78.42
2023-04-05 04:00:00+00:00,22.13,2.71,80.12
2023-04-05 05:00:00+00:00,24.46,2.04,81.87
2023-04-05 06:00:00+00:00,30.35,1.77,84.78
2023-04-05 07:00:00+00:00,26.21,2.3,83.74
2023-04-05 08:00:00+00:00,22.76,3.56,75.28
2023-04-05 09:00:00+00:00,19.63,6.4,60.04
2023-04-05 10:00:00+00:00,15.11,13.0,39.6
2023-04-05 11:00:00+00:00,12.39,16.55,30.39
2023-04-05 12:00:00+00:00,11.92,18.48,25.68
2023-04-05 13:00:00+00:00,12.88,19.03,25.66
2023-04-05 14:00:00+00:00,13.23,20.04,24.09
2023-04-05 15:00:00+00:00,12.37,19.46,24.25
2023-04-05 17:00:00+00:00,19.13,16.52,33.23
2023-04-05 18:00:00+00:00,26.0,13.98,39.15
2023-04-05 19:00:00+00:00,30.9,11.92,44.25
2023-04-05 20:00:00+00:00,33.27,10.61,50.64
2023-04-05 21:00:00+00:00,33.43,9.22,56.63
2023-04-05 22:00:00+00:00,37.85,8.07,60.74
2023-04-05 23:00:00+00:00,39.15,7.19,65.28
2023-04-06 00:00:00+00:00,31.12,6.7,64.5
2023-04-06 01:00:00+00:00,25.34,6.55,61.41
2023-04-06 03:00:00+00:00,20.71,6.79,54.81
2023-04-06 04:00:00+00:00,21.26,6.9,55.11
2023-04-06 05:00:00+00:00,23.44,6.88,56.79
2023-04-06 06:00:00+00:00,25.3,6.92,57.93
2023-04-06 07:00:00+00:00,32.96,7.26,61.19
2023-04-06 08:00:00+00:00,42.19,8.0,62.73
2023-04-06 09:00:00+00:00,42.47,9.52,63.32
2023-04-06 10:00:00+00:00,35.25,9.93,69.59
2023-04-06 11:00:00+00:00,36.06,9.91,75.75
2023-04-06 12:00:00+00:00,24.67,9.95,77.38
2023-04-06 13:00:00+00:00,17.64,9.75,81.82
2023-04-06 14:00:00+00:00,18.11,9.35,84.09
2023-04-06 15:00:00+00:00,19.65,9.14,86.53
2023-04-06 16:00:00+00:00,17.18,8.94,88.16
2023-04-06 17:00:00+00:00,16.66,8.91,89.03
2023-04-06 18:00:00+00:00,16.63,8.84,90.37
2023-04-06 19:00:00+00:00,24.82,8.93,91.36
2023-04-06 20:00:00+00:00,27.63,9.22,92.18
2023-04-06 21:00:00+00:00,11.77,9.27,91.89
2023-04-06 22:00:00+00:00,9.86,9.07,91.45
2023-04-06 23:00:00+00:00,7.63,8.88,90.57
2023-04-07 00:00:00+00:00,9.53,8.59,91.05
2023-04-07 01:00:00+00:00,7.77,8.68,90.68
2023-04-07 02:00:00+00:00,5.58,8.67,90.28
2023-04-07 03:00:00+00:00,8.33,8.66,90.44
2023-04-07 04:00:00+00:00,7.33,8.59,90.14
2023-04-07 05:00:00+00:00,6.54,8.51,90.46
2023-04-07 06:00:00+00:00,5.7,8.48,90.13
2023-04-07 07:00:00+00:00,4.38,8.55,87.37
2023-04-07 08:00:00+00:00,3.72,8.88,85.88
2023-04-07 09:00:00+00:00,3.25,9.59,82.72
2023-04-07 10:00:00+00:00,3.38,9.96,81.13
2023-04-07 11:00:00+00:00,6.08,10.01,83.57
2023-04-07 12:00:00+00:00,4.77,10.35,83.69
2023-04-07 13:00:00+00:00,6.35,10.71,81.8
2023-04-07 14:00:00+00:00,8.32,10.75,80.63
2023-04-07 15:00:00+00:00,10.09,10.93,80.05
2023-04-07 16:00:00+00:00,17.57,10.87,80.35
2023-04-07 17:00:00+00:00,25.07,10.95,80.9
2023-04-07 18:00:00+00:00,26.89,10.8,81.22
2023-04-07 19:00:00+00:00,30.22,10.32,83.49
2023-04-07 20:00:00+00:00,28.93,9.96,85.08
2023-04-07 21:00:00+00:00,28.3,9.56,86.48
2023-04-07 22:00:00+00:00,27.84,9.41,87.06
2023-04-07 23:00:00+00:00,33.0,9.28,88.1
2023-04-08 00:00:00+00:00,36.64,8.96,88.53
2023-04-08 01:00:00+00:00,35.48,8.16,87.63
2023-04-08 02:00:00+00:00,17.56,7.3,88.92
2023-04-08 03:00:00+00:00,18.88,6.6,88.35
2023-04-08 04:00:00+00:00,22.53,5.97,88.09
2023-04-08 05:00:00+00:00,25.51,5.26,87.65
2023-04-08 06:00:00+00:00,28.15,4.79,87.95
2023-04-08 07:00:00+00:00,28.55,4.9,89.25
2023-04-08 08:00:00+00:00,29.69,5.8,90.62
2023-04-08 09:00:00+00:00,26.47,8.76,82.99
2023-04-08 10:00:00+00:00,19.52,13.96,60.52
2023-04-08 11:00:00+00:00,17.2,17.79,48.16
2023-04-08 12:00:00+00:00,15.15,20.29,40.41
2023-04-08 13:00:00+00:00,17.5,21.51,38.64
2023-04-08 14:00:00+00:00,18.87,21.15,38.11
2023-04-08 15:00:00+00:00,20.93,18.36,43.1
2023-04-08 16:00:00+00:00,35.9,17.02,50.06
2023-04-08 17:00:00+00:00,17.13,16.42,53.07
2023-04-08 18:00:00+00:00,18.19,14.21,62.32
2023-04-08 19:00:00+00:00,22.94,12.48,68.26
2023-04-08 20:00:00+00:00,27.99,11.09,73.91
2023-04-08 21:00:00+00:00,29.28,10.2,77.38
2023-04-08 22:00:00+00:00,33.1,9.78,81.12
2023-04-08 23:00:00+00:00,37.36,9.84,82.23
2023-04-09 00:00:00+00:00,44.2,9.79,82.97
2023-04-09 01:00:00+00:00,47.74,9.53,83.95
2023-04-09 02:00:00+00:00,41.27,9.41,84.13
2023-04-09 03:00:00+00:00,41.54,9.39,83.19
2023-04-09 04:00:00+00:00,42.98,9.29,82.81
2023-04-09 05:00:00+00:00,42.27,9.15,82.54
2023-04-09 06:00:00+00:00,43.21,9.29,82.59
2023-04-09 07:00:00+00:00,42.1,9.45,82.35
2023-04-09 08:00:00+00:00,39.83,9.63,81.1
2023-04-09 09:00:00+00:00,39.87,9.81,80.52
2023-04-09 10:00:00+00:00,37.83,10.08,78.27
2023-04-09 11:00:00+00:00,42.39,11.3,74.39
2023-04-09 12:00:00+00:00,40.42,14.67,63.62
2023-04-09 13:00:00+00:00,39.51,16.11,57.5
2023-04-09 14:00:00+00:00,40.68,17.16,55.46
2023-04-09 15:00:00+00:00,34.25,17.82,51.49
2023-04-09 16:00:00+00:00,28.7,19.1,46.52
2023-04-09 17:00:00+00:00,25.51,18.51,46.11
2023-04-09 18:00:00+00:00,25.29,16.61,51.86
2023-04-09 19:00:00+00:00,30.05,14.68,58.06
2023-04-09 20:00:00+00:00,33.09,13.11,63.28
2023-04-09 21:00:00+00:00,29.38,12.12,62.95
2023-04-09 22:00:00+00:00,25.55,11.56,62.09
2023-04-09 23:00:00+00:00,20.95,11.12,61.58
2023-04-10 00:00:00+00:00,19.09,11.02,60.98
2023-04-10 01:00:00+00:00,20.14,10.76,62.43
2023-04-10 03:00:00+00:00,19.75,9.9,67.14
2023-04-10 04:00:00+00:00,18.34,9.56,69.08
2023-04-10 05:00:00+00:00,15.48,9.51,68.08
2023-04-10 06:00:00+00:00,14.6,9.76,65.83
2023-04-10 07:00:00+00:00,14.08,10.36,62.97
2023-04-10 08:00:00+00:00,15.04,11.15,61.0
2023-04-10 09:00:00+00:00,14.09,12.02,57.67
2023-04-10 10:00:00+00:00,14.23,13.19,55.83
2023-04-10 11:00:00+00:00,15.23,14.66,52.75
2023-04-10 12:00:00+00:00,21.86,15.96,51.75
2023-04-10 13:00:00+00:00,15.34,15.29,55.96
2023-04-10 14:00:00+00:00,14.77,14.07,70.63
2023-04-10 15:00:00+00:00,15.8,12.7,81.44
2023-04-10 16:00:00+00:00,16.62,12.03,87.19
2023-04-10 17:00:00+00:00,14.68,11.9,88.84
2023-04-10 18:00:00+00:00,9.37,11.81,86.19
2023-04-10 19:00:00+00:00,6.98,11.65,84.1
2023-04-10 20:00:00+00:00,6.55,11.01,84.25
2023-04-10 21:00:00+00:00,6.75,10.48,85.26
2023-04-10 22:00:00+00:00,8.5,9.74,86.53
2023-04-10 23:00:00+00:00,7.86,9.35,83.89
2023-04-11 00:00:00+00:00,6.95,8.76,85.5
2023-04-11 01:00:00+00:00,6.05,8.71,83.37
2023-04-11 02:00:00+00:00,3.82,8.51,81.12
2023-04-11 03:00:00+00:00,4.0,8.27,81.46
2023-04-11 04:00:00+00:00,3.52,8.15,79.89
2023-04-11 05:00:00+00:00,3.37,7.73,78.65
2023-04-11 06:00:00+00:00,4.27,7.64,78.64
2023-04-11 07:00:00+00:00,3.98,8.06,76.92
2023-04-11 08:00:00+00:00,4.11,8.69,73.11
2023-04-11 09:00:00+00:00,4.25,9.7,68.74
2023-04-11 10:00:00+00:00,3.83,11.38,60.17
2023-04-11 11:00:00+00:00,3.43,13.13,53.25
2023-04-11 12:00:00+00:00,3.11,14.06,48.27
2023-04-11 13:00:00+00:00,3.6,14.74,45.83
2023-04-11 14:00:00+00:00,3.17,15.44,41.63
2023-04-11 15:00:00+00:00,2.75,15.87,41.52
2023-04-11 16:00:00+00:00,2.52,15.7,42.64
2023-04-11 17:00:00+00:00,2.22,15.1,43.34
2023-04-11 18:00:00+00:00,2.6,13.31,50.31
2023-04-11 19:00:00+00:00,3.73,12.57,59.25
2023-04-11 20:00:00+00:00,4.06,11.88,62.91
2023-04-11 21:00:00+00:00,4.93,11.36,65.22
2023-04-11 22:00:00+00:00,4.31,10.91,69.46
2023-04-11 23:00:00+00:00,5.75,9.95,79.42
2023-04-12 00:00:00+00:00,9.23,9.29,85.05
2023-04-12 01:00:00+00:00,7.46,8.96,87.03
2023-04-12 02:00:00+00:00,6.07,8.84,87.44
2023-04-12 03:00:00+00:00,3.82,8.61,88.39
2023-04-12 04:00:00+00:00,4.23,8.52,90.31
2023-04-12 05:00:00+00:00,4.5,8.57,91.29
2023-04-12 06:00:00+00:00,8.8,8.82,91.9
2023-04-12 07:00:00+00:00,7.48,9.16,91.03
2023-04-12 08:00:00+00:00,7.43,9.56,86.83
2023-04-12 09:00:00+00:00,6.26,10.9,77.92
2023-04-12 10:00:00+00:00,4.81,11.93,67.32
2023-04-12 11:00:00+00:00,4.5,14.34,57.37
2023-04-12 12:00:00+00:00,4.83,15.82,50.73
2023-04-12 13:00:00+00:00,4.39,14.13,52.15
2023-04-12 14:00:00+00:00,2.31,13.79,47.28
2023-04-12 15:00:00+00:00,1.67,13.86,49.41
2023-04-12 16:00:00+00:00,2.11,14.14,46.26
2023-04-12 17:00:00+00:00,11.91,13.17,50.59
2023-04-12 18:00:00+00:00,35.24,11.87,53.22
2023-04-12 19:00:00+00:00,3.51,10.88,55.69
2023-04-12 20:00:00+00:00,3.7,10.0,56.14
2023-04-12 21:00:00+00:00,4.15,9.76,58.87
2023-04-12 22:00:00+00:00,3.7,9.47,63.45
2023-04-12 23:00:00+00:00,2.5,8.29,73.14
2023-04-13 00:00:00+00:00,4.07,7.22,85.87
2023-04-13 01:00:00+00:00,5.38,7.37,87.86
2023-04-13 02:00:00+00:00,2.88,7.31,87.21
2023-04-13 03:00:00+00:00,1.94,6.95,86.63
2023-04-13 04:00:00+00:00,2.61,6.73,87.63
2023-04-13 05:00:00+00:00,3.58,6.85,85.67
2023-04-13 06:00:00+00:00,2.77,6.96,84.73
2023-04-13 07:00:00+00:00,2.62,7.5,85.7
2023-04-13 08:00:00+00:00,3.69,8.17,83.33
2023-04-13 09:00:00+00:00,4.87,8.88,78.4
2023-04-13 10:00:00+00:00,5.11,9.77,72.52
2023-04-13 11:00:00+00:00,4.53,11.11,64.94
2023-04-13 12:00:00+00:00,4.22,11.85,62.03
2023-04-13 13:00:00+00:00,4.02,11.83,60.18
2023-04-13 14:00:00+00:00,4.11,11.9,60.57
2023-04-13 15:00:00+00:00,4.55,13.09,56.11
2023-04-13 16:00:00+00:00,3.86,14.17,52.0
2023-04-14 10:00:00+00:00,2.82,15.12,51.46
2023-04-14 11:00:00+00:00,2.63,17.14,43.74
2023-04-14 12:00:00+00:00,2.55,17.28,40.55
2023-04-14 13:00:00+00:00,2.88,17.0,39.86
2023-04-14 14:00:00+00:00,2.85,17.19,39.19
2023-04-14 15:00:00+00:00,2.71,19.99,33.86
2023-04-14 16:00:00+00:00,2.1,19.03,36.08
2023-04-14 17:00:00+00:00,2.69,17.63,40.12
2023-04-14 18:00:00+00:00,2.93,16.29,45.55
2023-04-14 19:00:00+00:00,3.61,14.84,49.32
2023-04-14 20:00:00+00:00,3.41,13.67,54.94
2023-04-14 21:00:00+00:00,4.83,12.93,60.15
2023-04-14 22:00:00+00:00,8.01,11.85,59.74
2023-04-14 23:00:00+00:00,10.38,10.97,63.02
2023-04-15 00:00:00+00:00,11.29,10.16,67.5
2023-04-15 01:00:00+00:00,12.69,9.54,69.31
2023-04-15 02:00:00+00:00,11.52,8.93,71.29
2023-04-15 03:00:00+00:00,12.34,8.33,74.83
2023-04-15 04:00:00+00:00,13.63,7.87,79.57
2023-04-15 05:00:00+00:00,18.08,7.34,82.99
2023-04-15 06:00:00+00:00,21.21,7.13,86.03
2023-04-15 07:00:00+00:00,20.87,7.92,86.24
2023-04-15 08:00:00+00:00,13.47,9.12,78.77
2023-04-15 09:00:00+00:00,9.95,11.98,66.71
2023-04-15 10:00:00+00:00,6.38,16.44,50.02
2023-04-15 11:00:00+00:00,5.89,17.86,45.85
2023-04-15 12:00:00+00:00,4.16,18.62,43.83
2023-04-15 13:00:00+00:00,3.31,18.64,42.45
2023-04-15 14:00:00+00:00,2.89,16.98,47.03
2023-04-15 15:00:00+00:00,3.05,15.71,50.69
2023-04-15 16:00:00+00:00,2.7,14.79,52.88
2023-04-15 17:00:00+00:00,2.96,13.21,57.87
2023-04-15 18:00:00+00:00,2.84,11.86,62.02
2023-04-15 19:00:00+00:00,2.98,10.65,66.25
2023-04-15 20:00:00+00:00,2.2,9.84,68.11
2023-04-15 21:00:00+00:00,2.64,9.56,70.76
2023-04-15 22:00:00+00:00,3.18,9.51,73.41
2023-04-15 23:00:00+00:00,4.18,9.4,77.59
2023-04-16 00:00:00+00:00,7.12,9.03,83.8
2023-04-16 01:00:00+00:00,7.2,8.72,86.07
2023-04-16 02:00:00+00:00,7.79,8.74,85.96
2023-04-16 03:00:00+00:00,8.49,8.73,86.1
2023-04-16 04:00:00+00:00,12.67,8.72,86.71
2023-04-16 05:00:00+00:00,14.7,8.65,87.34
2023-04-16 06:00:00+00:00,15.38,8.69,87.34
2023-04-16 07:00:00+00:00,15.23,8.73,87.31
2023-04-16 08:00:00+00:00,15.66,8.87,87.46
2023-04-16 09:00:00+00:00,15.68,9.29,86.72
2023-04-16 10:00:00+00:00,15.76,9.57,85.71
2023-04-16 11:00:00+00:00,13.94,10.12,84.34
2023-04-16 12:00:00+00:00,18.03,10.61,82.77
2023-04-16 13:00:00+00:00,15.9,11.6,79.6
2023-04-16 14:00:00+00:00,18.7,11.89,77.54
2023-04-16 15:00:00+00:00,19.33,11.86,77.2
2023-04-16 16:00:00+00:00,23.37,12.13,76.51
2023-04-16 17:00:00+00:00,22.48,11.69,77.55
2023-04-16 18:00:00+00:00,24.33,11.18,78.93
2023-04-16 19:00:00+00:00,29.06,10.54,80.76
2023-04-16 20:00:00+00:00,29.6,10.0,82.4
2023-04-16 21:00:00+00:00,29.5,9.62,83.71
2023-04-16 22:00:00+00:00,34.27,9.23,85.64
2023-04-16 23:00:00+00:00,38.15,9.01,86.82
2023-04-17 00:00:00+00:00,33.18,8.73,87.83
2023-04-17 01:00:00+00:00,32.21,8.57,88.79
2023-04-17 02:00:00+00:00,34.5,8.51,89.46
2023-04-17 03:00:00+00:00,34.08,8.43,89.54
2023-04-17 04:00:00+00:00,36.13,8.51,89.03
2023-04-17 05:00:00+00:00,33.24,8.52,87.71
2023-04-17 06:00:00+00:00,36.71,8.62,87.56
2023-04-17 07:00:00+00:00,38.36,8.89,87.34
2023-04-17 08:00:00+00:00,39.65,9.13,86.98
2023-04-17 09:00:00+00:00,35.76,9.85,84.26
2023-04-17 10:00:00+00:00,33.6,11.11,79.7
2023-04-17 11:00:00+00:00,30.12,12.36,73.94
2023-04-17 14:00:00+00:00,22.16,21.13,45.78
2023-04-17 16:00:00+00:00,22.17,20.23,49.3
2023-04-17 17:00:00+00:00,23.73,18.87,54.13
2023-04-17 18:00:00+00:00,27.95,16.39,62.61
2023-04-17 19:00:00+00:00,29.6,13.63,69.03
2023-04-17 20:00:00+00:00,30.55,11.65,74.04
2023-04-17 21:00:00+00:00,29.68,10.57,76.21
2023-04-17 22:00:00+00:00,25.22,9.8,76.82
2023-04-17 23:00:00+00:00,25.15,9.14,79.41
2023-04-18 00:00:00+00:00,25.36,8.68,79.6
2023-04-18 01:00:00+00:00,18.23,8.41,70.54
2023-04-18 03:00:00+00:00,21.34,7.33,72.01
2023-04-18 04:00:00+00:00,26.1,6.73,77.47
2023-04-18 05:00:00+00:00,23.55,6.76,78.15
2023-04-18 06:00:00+00:00,22.39,7.17,78.2
2023-04-18 07:00:00+00:00,18.32,7.77,77.01
2023-04-18 08:00:00+00:00,16.81,8.8,74.53
2023-04-18 09:00:00+00:00,14.43,10.89,67.39
2023-04-18 10:00:00+00:00,12.01,13.37,58.65
2023-04-18 11:00:00+00:00,12.74,13.57,57.28
2023-04-18 12:00:00+00:00,14.91,15.48,51.03
2023-04-18 13:00:00+00:00,17.33,16.14,50.71
2023-04-18 14:00:00+00:00,19.74,17.72,47.31
2023-04-18 15:00:00+00:00,19.58,19.8,41.84
2023-04-18 16:00:00+00:00,18.91,19.88,41.6
2023-04-18 17:00:00+00:00,18.32,18.91,42.46
2023-04-18 18:00:00+00:00,17.72,16.81,49.69
2023-04-18 19:00:00+00:00,14.84,14.44,59.06
2023-04-18 20:00:00+00:00,17.45,12.92,63.78
2023-04-18 21:00:00+00:00,19.73,11.81,65.92
2023-04-18 22:00:00+00:00,18.37,11.01,68.28
2023-04-18 23:00:00+00:00,16.29,10.32,71.1
2023-04-19 00:00:00+00:00,18.49,9.77,74.12
2023-04-19 01:00:00+00:00,22.29,9.42,77.48
2023-04-19 02:00:00+00:00,25.42,9.17,79.16
2023-04-19 03:00:00+00:00,25.93,8.98,80.2
2023-04-19 04:00:00+00:00,25.03,9.16,80.25
2023-04-19 05:00:00+00:00,18.63,9.03,77.58
2023-04-19 06:00:00+00:00,16.32,8.65,74.58
2023-04-19 07:00:00+00:00,13.65,8.76,68.64
2023-04-19 08:00:00+00:00,10.25,9.31,62.44
2023-04-19 09:00:00+00:00,6.73,12.14,50.86
2023-04-19 10:00:00+00:00,4.69,16.83,36.65
2023-04-19 11:00:00+00:00,3.65,19.66,30.51
2023-04-19 12:00:00+00:00,5.14,21.3,25.42
2023-04-19 13:00:00+00:00,4.78,22.54,23.95
2023-04-19 14:00:00+00:00,3.8,22.71,25.62
2023-04-19 15:00:00+00:00,2.98,22.09,26.67
2023-04-19 16:00:00+00:00,5.69,20.29,33.95
2023-04-19 17:00:00+00:00,6.32,17.6,39.71
2023-04-19 18:00:00+00:00,6.82,14.99,45.64
2023-04-19 19:00:00+00:00,5.04,13.04,49.24
2023-04-19 20:00:00+00:00,5.32,11.63,54.17
2023-04-19 21:00:00+00:00,6.22,10.72,58.64
2023-04-19 22:00:00+00:00,6.17,10.16,54.07
2023-04-19 23:00:00+00:00,4.85,9.59,48.44
2023-04-20 00:00:00+00:00,6.41,8.74,58.11
2023-04-20 01:00:00+00:00,7.68,7.87,62.34
2023-04-20 02:00:00+00:00,8.35,7.24,63.55
2023-04-20 03:00:00+00:00,8.17,7.19,69.8
2023-04-20 04:00:00+00:00,6.02,7.58,69.76
2023-04-20 05:00:00+00:00,4.23,7.84,72.2
2023-04-20 06:00:00+00:00,4.51,8.4,69.63
2023-04-20 07:00:00+00:00,4.59,8.95,65.41
2023-04-20 08:00:00+00:00,5.06,8.89,65.1
2023-04-20 09:00:00+00:00,5.89,8.32,72.57
2023-04-20 10:00:00+00:00,7.43,8.11,77.44
2023-04-20 11:00:00+00:00,8.35,8.92,74.38
2023-04-20 12:00:00+00:00,9.34,11.05,66.35
2023-04-20 13:00:00+00:00,9.74,14.05,55.88
2023-04-20 14:00:00+00:00,10.67,14.65,54.3
2023-04-20 15:00:00+00:00,12.41,14.61,51.74
2023-04-20 16:00:00+00:00,12.88,15.6,48.22
2023-04-20 17:00:00+00:00,12.39,15.55,47.8
2023-04-20 18:00:00+00:00,12.25,14.1,52.46
2023-04-20 19:00:00+00:00,13.27,12.52,58.3
2023-04-20 20:00:00+00:00,16.67,11.43,69.13
2023-04-20 21:00:00+00:00,16.39,10.82,74.92
2023-04-20 22:00:00+00:00,21.84,10.38,76.89
2023-04-20 23:00:00+00:00,21.17,10.15,77.8
2023-04-21 00:00:00+00:00,21.63,9.93,78.05
2023-04-21 01:00:00+00:00,25.59,9.66,80.22
2023-04-21 02:00:00+00:00,34.2,9.53,85.57
2023-04-21 03:00:00+00:00,36.23,9.4,86.95
2023-04-21 04:00:00+00:00,30.54,9.26,88.05
2023-04-21 05:00:00+00:00,24.1,9.31,88.52
2023-04-21 06:00:00+00:00,40.06,9.32,89.54
2023-04-21 07:00:00+00:00,47.59,9.8,89.92
2023-04-21 08:00:00+00:00,42.03,10.35,88.93
2023-04-21 09:00:00+00:00,39.94,11.94,84.96
2023-04-21 10:00:00+00:00,35.3,13.17,79.36
2023-04-21 11:00:00+00:00,32.99,14.26,73.54
2023-04-21 12:00:00+00:00,33.79,14.42,72.86
2023-04-21 13:00:00+00:00,33.2,16.05,67.32
2023-04-21 14:00:00+00:00,30.4,18.81,57.11
2023-04-21 15:00:00+00:00,28.43,20.46,53.08
2023-04-21 16:00:00+00:00,26.26,20.27,53.52
2023-04-21 17:00:00+00:00,31.41,18.19,66.05
2023-04-21 18:00:00+00:00,36.91,16.84,69.06
2023-04-21 19:00:00+00:00,34.82,15.43,72.76
2023-04-21 20:00:00+00:00,30.13,14.11,76.61
2023-04-21 21:00:00+00:00,31.8,13.0,78.46
2023-04-21 22:00:00+00:00,17.48,12.07,79.82
2023-04-21 23:00:00+00:00,10.08,11.43,82.23
2023-04-22 00:00:00+00:00,12.98,10.88,83.37
2023-04-22 01:00:00+00:00,18.41,9.97,84.89
2023-04-22 03:00:00+00:00,31.79,8.78,87.64
2023-04-22 04:00:00+00:00,35.77,8.14,87.37
2023-04-22 05:00:00+00:00,38.84,7.55,88.69
2023-04-22 06:00:00+00:00,41.12,7.69,91.3
2023-04-22 07:00:00+00:00,47.96,8.59,92.44
2023-04-22 08:00:00+00:00,50.15,10.24,90.19
2023-04-22 09:00:00+00:00,32.4,13.2,78.32
2023-04-22 10:00:00+00:00,21.02,17.28,62.71
2023-04-22 11:00:00+00:00,20.96,17.94,59.36
2023-04-22 12:00:00+00:00,20.65,16.73,60.52
2023-04-22 13:00:00+00:00,32.6,14.14,70.84
2023-04-22 14:00:00+00:00,43.63,12.8,76.65
2023-04-22 15:00:00+00:00,36.65,11.75,79.04
2023-04-22 16:00:00+00:00,30.97,11.38,81.21
2023-04-22 17:00:00+00:00,34.7,11.77,79.67
2023-04-22 18:00:00+00:00,31.76,12.19,77.25
2023-04-22 19:00:00+00:00,23.34,11.31,77.19
2023-04-22 20:00:00+00:00,30.2,10.25,79.53
2023-04-22 21:00:00+00:00,41.22,9.3,82.05
2023-04-22 22:00:00+00:00,53.06,8.67,84.74
2023-04-22 23:00:00+00:00,61.69,8.2,86.93
2023-04-23 00:00:00+00:00,74.0,8.04,89.46
2023-04-23 01:00:00+00:00,76.07,7.92,89.68
2023-04-23 02:00:00+00:00,85.48,8.18,92.35
2023-04-23 03:00:00+00:00,74.19,8.76,92.34
2023-04-23 04:00:00+00:00,59.67,9.02,90.63
2023-04-23 05:00:00+00:00,57.93,8.94,91.33
2023-04-23 06:00:00+00:00,56.16,9.36,91.54
2023-04-23 07:00:00+00:00,46.75,9.83,90.73
2023-04-23 08:00:00+00:00,35.16,11.06,87.82
2023-04-23 09:00:00+00:00,19.14,13.94,79.7
2023-04-23 10:00:00+00:00,10.31,17.82,64.56
2023-04-23 11:00:00+00:00,5.7,19.05,57.0
2023-04-23 12:00:00+00:00,7.0,19.18,54.88
2023-04-23 13:00:00+00:00,4.54,18.7,55.28
2023-04-23 14:00:00+00:00,3.74,18.05,57.38
2023-04-23 15:00:00+00:00,2.85,15.47,73.9
2023-04-23 16:00:00+00:00,3.75,14.71,77.81
2023-04-23 17:00:00+00:00,6.73,14.08,81.0
2023-04-23 18:00:00+00:00,4.04,13.35,81.35
2023-04-23 19:00:00+00:00,2.79,12.88,83.43
2023-04-23 20:00:00+00:00,3.25,12.28,84.96
2023-04-23 21:00:00+00:00,2.43,11.87,86.06
2023-04-23 22:00:00+00:00,2.47,11.48,87.87
2023-04-23 23:00:00+00:00,2.49,11.2,88.5
2023-04-24 00:00:00+00:00,1.75,10.8,89.26
2023-04-24 01:00:00+00:00,1.94,10.51,90.65
2023-04-24 02:00:00+00:00,3.02,10.33,91.28
2023-04-24 03:00:00+00:00,3.31,10.15,91.04
2023-04-24 04:00:00+00:00,0.86,9.55,89.92
2023-04-24 05:00:00+00:00,1.77,9.25,91.88
2023-04-24 06:00:00+00:00,18.29,9.31,91.21
2023-04-24 07:00:00+00:00,14.65,9.09,88.84
2023-04-24 08:00:00+00:00,7.71,8.94,88.53
2023-04-24 09:00:00+00:00,4.54,8.94,82.67
2023-04-24 10:00:00+00:00,3.5,9.4,80.08
2023-04-24 11:00:00+00:00,2.91,10.47,75.3
2023-04-24 12:00:00+00:00,2.9,10.87,73.14
2023-04-24 13:00:00+00:00,5.11,10.33,73.27
2023-04-24 14:00:00+00:00,5.34,11.14,67.91
2023-04-24 15:00:00+00:00,5.75,11.63,64.62
2023-04-24 16:00:00+00:00,4.91,11.37,64.81
2023-04-24 17:00:00+00:00,5.85,10.51,70.06
2023-04-24 18:00:00+00:00,4.14,9.85,73.66
2023-04-24 19:00:00+00:00,3.72,9.39,78.95
2023-04-24 20:00:00+00:00,4.26,8.68,85.16
2023-04-24 21:00:00+00:00,5.74,8.22,86.61
2023-04-24 22:00:00+00:00,6.62,7.86,83.97
2023-04-24 23:00:00+00:00,7.48,7.49,81.73
2023-04-25 00:00:00+00:00,5.76,7.11,81.48
2023-04-25 01:00:00+00:00,5.06,6.79,79.96
2023-04-25 02:00:00+00:00,4.62,6.4,80.0
2023-04-25 03:00:00+00:00,3.76,6.31,77.09
2023-04-25 04:00:00+00:00,3.14,5.91,78.08
2023-04-25 05:00:00+00:00,3.5,5.71,83.09
2023-04-25 06:00:00+00:00,4.02,5.79,80.74
2023-04-25 07:00:00+00:00,3.22,6.58,75.43
2023-04-25 08:00:00+00:00,2.86,7.08,71.55
2023-04-25 09:00:00+00:00,2.37,8.7,65.9
2023-04-25 10:00:00+00:00,2.54,10.84,57.29
2023-04-25 11:00:00+00:00,2.38,11.31,58.85
2023-04-25 12:00:00+00:00,2.42,12.28,53.26
2023-04-25 13:00:00+00:00,2.41,14.0,45.03
2023-04-25 14:00:00+00:00,2.27,13.84,44.77
2023-04-25 15:00:00+00:00,2.38,13.39,46.36
2023-04-25 16:00:00+00:00,2.59,12.34,48.44
2023-04-25 17:00:00+00:00,3.04,11.61,50.77
2023-04-25 18:00:00+00:00,3.54,10.31,55.93
2023-04-25 19:00:00+00:00,4.79,9.08,62.67
2023-04-25 20:00:00+00:00,5.73,8.33,66.85
2023-04-25 21:00:00+00:00,6.53,7.69,65.64
2023-04-25 22:00:00+00:00,4.51,6.7,71.28
2023-04-25 23:00:00+00:00,3.33,5.97,75.89
2023-04-26 00:00:00+00:00,4.53,5.21,78.91
2023-04-26 01:00:00+00:00,3.81,4.87,79.08
2023-04-26 03:00:00+00:00,4.96,3.69,83.06
2023-04-26 04:00:00+00:00,5.44,3.24,84.53
2023-04-26 05:00:00+00:00,5.72,3.08,86.0
2023-04-26 06:00:00+00:00,6.48,3.98,87.83
2023-04-26 07:00:00+00:00,4.78,5.62,78.42
2023-04-26 08:00:00+00:00,4.19,6.99,71.68
2023-04-26 09:00:00+00:00,4.42,7.58,74.61
2023-04-26 10:00:00+00:00,3.63,9.64,63.58
2023-04-26 11:00:00+00:00,2.81,10.17,54.85
2023-04-26 12:00:00+00:00,2.47,12.42,46.33
2023-04-26 13:00:00+00:00,2.44,14.65,41.54
2023-04-26 14:00:00+00:00,2.22,14.39,38.75
2023-04-26 15:00:00+00:00,2.6,14.57,40.57
2023-04-26 16:00:00+00:00,2.84,14.2,41.9
2023-04-26 17:00:00+00:00,5.9,12.85,46.39
2023-04-26 18:00:00+00:00,3.49,11.8,48.67
2023-04-26 19:00:00+00:00,3.85,10.48,52.23
2023-04-26 19:00:00+00:00,3.85,10.48,52.23
2023-04-26 19:00:00+00:00,3.85,10.48,52.23
2023-04-26 19:00:00+00:00,3.85,10.48,52.23
2023-04-26 19:00:00+00:00,3.85,10.48,52.23
2023-04-26 19:00:00+00:00,3.85,10.48,52.23
2023-04-26 19:00:00+00:00,3.85,10.48,52.23
2023-04-26 19:00:00+00:00,3.85,10.48,52.23
2023-04-26 20:00:00+00:00,5.62,9.19,54.71
2023-04-26 21:00:00+00:00,6.26,8.23,62.05
2023-04-26 22:00:00+00:00,6.63,7.22,68.38
2023-04-26 23:00:00+00:00,9.14,6.22,71.42
2023-04-27 00:00:00+00:00,7.66,5.35,74.32
2023-04-27 01:00:00+00:00,9.52,4.64,78.07
2023-04-27 02:00:00+00:00,9.82,3.95,80.03
2023-04-27 03:00:00+00:00,12.16,3.59,84.06
2023-04-27 04:00:00+00:00,11.41,3.2,84.24
2023-04-27 05:00:00+00:00,11.15,2.96,84.12
2023-04-27 06:00:00+00:00,12.85,3.11,85.37
2023-04-27 07:00:00+00:00,10.14,4.82,78.42
2023-04-27 08:00:00+00:00,6.48,6.72,68.0
2023-04-27 09:00:00+00:00,5.38,10.16,53.35
2023-04-27 10:00:00+00:00,5.25,14.4,42.58
2023-04-27 11:00:00+00:00,6.04,16.19,36.3
2023-04-27 12:00:00+00:00,6.91,18.61,32.71
2023-04-27 13:00:00+00:00,6.12,20.43,28.31
2023-04-27 14:00:00+00:00,6.71,19.03,30.4
2023-04-27 15:00:00+00:00,7.26,18.53,32.13
2023-04-27 16:00:00+00:00,6.39,18.95,32.95
2023-04-27 17:00:00+00:00,5.8,17.88,36.08
2023-04-27 18:00:00+00:00,6.88,15.87,42.54
2023-04-27 19:00:00+00:00,7.6,14.27,49.75
2023-04-27 20:00:00+00:00,5.72,13.09,49.13
2023-04-27 21:00:00+00:00,7.46,12.23,52.67
2023-04-27 22:00:00+00:00,8.33,11.47,55.89
2023-04-27 23:00:00+00:00,11.78,10.99,59.23
2023-04-28 00:00:00+00:00,12.89,10.39,62.8
2023-04-28 01:00:00+00:00,13.89,9.97,64.69
2023-04-28 02:00:00+00:00,13.37,9.7,66.19
2023-04-28 03:00:00+00:00,13.88,9.32,67.04
2023-04-28 04:00:00+00:00,14.99,9.05,69.23
2023-04-28 05:00:00+00:00,15.71,8.97,69.69
2023-04-28 06:00:00+00:00,14.71,8.84,73.41
2023-04-28 07:00:00+00:00,15.54,9.19,76.26
2023-04-28 08:00:00+00:00,17.28,9.74,75.69
2023-04-28 09:00:00+00:00,22.55,10.14,81.13
2023-04-28 10:00:00+00:00,30.04,10.98,85.88
2023-04-28 11:00:00+00:00,32.9,12.43,86.6
2023-04-28 12:00:00+00:00,36.5,13.22,87.37
2023-04-28 13:00:00+00:00,10.4,13.28,88.3
2023-04-28 14:00:00+00:00,18.41,13.21,88.05
2023-04-28 15:00:00+00:00,17.85,13.58,83.94
2023-04-28 16:00:00+00:00,21.46,12.87,84.34
2023-04-28 17:00:00+00:00,31.08,12.62,84.29
2023-04-28 18:00:00+00:00,40.46,11.97,84.8
2023-04-28 19:00:00+00:00,40.23,11.43,85.24
2023-04-28 20:00:00+00:00,32.75,10.95,84.13
2023-04-28 21:00:00+00:00,22.45,10.48,82.72
2023-04-28 22:00:00+00:00,23.62,10.21,83.77
2023-04-28 23:00:00+00:00,36.13,10.06,83.61
2023-04-29 00:00:00+00:00,38.26,10.01,83.94
2023-04-29 01:00:00+00:00,30.3,10.03,83.48
2023-04-29 02:00:00+00:00,27.93,9.97,82.47
2023-04-29 03:00:00+00:00,28.68,9.96,82.49
2023-04-29 04:00:00+00:00,27.19,9.9,84.31
2023-04-29 05:00:00+00:00,27.38,9.72,84.45
2023-04-29 06:00:00+00:00,24.17,9.49,84.34
2023-04-29 07:00:00+00:00,20.11,9.63,82.02
2023-04-29 08:00:00+00:00,16.25,10.41,76.06
2023-04-29 09:00:00+00:00,12.51,14.11,62.49
2023-04-29 10:00:00+00:00,10.52,19.25,44.83
2023-04-29 11:00:00+00:00,8.24,22.43,37.22
2023-04-29 12:00:00+00:00,6.89,24.62,31.51
2023-04-29 13:00:00+00:00,6.1,25.8,29.22
2023-04-29 14:00:00+00:00,4.19,26.01,27.34
2023-04-29 15:00:00+00:00,2.84,25.42,26.8
2023-04-29 16:00:00+00:00,3.11,23.03,30.77
2023-04-29 17:00:00+00:00,3.59,20.9,32.43
2023-04-29 18:00:00+00:00,4.33,18.03,35.74
2023-04-29 19:00:00+00:00,6.85,16.2,49.38
2023-04-29 20:00:00+00:00,10.24,14.58,57.5
2023-04-29 21:00:00+00:00,13.24,13.02,63.48
2023-04-29 22:00:00+00:00,14.62,11.72,67.73
2023-04-29 23:00:00+00:00,19.91,10.8,70.44
2023-04-30 00:00:00+00:00,19.63,10.07,73.89
2023-04-30 01:00:00+00:00,22.4,9.37,77.15
2023-04-30 03:00:00+00:00,19.47,8.27,81.57
2023-04-30 04:00:00+00:00,18.76,7.92,84.41
2023-04-30 05:00:00+00:00,15.99,7.81,85.35
2023-04-30 06:00:00+00:00,15.68,8.0,87.31
2023-04-30 08:00:00+00:00,11.99,10.25,80.82
2023-04-30 09:00:00+00:00,8.04,14.14,66.95
2023-04-30 10:00:00+00:00,5.37,19.49,48.58
2023-04-30 11:00:00+00:00,4.7,22.72,40.6
2023-04-30 12:00:00+00:00,3.46,24.47,36.01
2023-04-30 13:00:00+00:00,3.26,25.83,33.62
2023-04-30 14:00:00+00:00,2.88,26.5,31.93
2023-04-30 15:00:00+00:00,2.69,26.41,32.5
2023-04-30 16:00:00+00:00,2.76,25.33,34.69
2023-04-30 17:00:00+00:00,3.13,23.61,37.9
2023-04-30 18:00:00+00:00,3.42,21.22,43.78
2023-04-30 19:00:00+00:00,3.79,19.35,49.31
2023-04-30 20:00:00+00:00,3.82,17.44,55.32
2023-04-30 21:00:00+00:00,4.69,15.79,62.45
2023-04-30 22:00:00+00:00,5.63,14.55,67.96
2023-04-30 23:00:00+00:00,5.37,13.41,71.59
2023-05-01 00:00:00+00:00,5.69,12.64,74.29
2023-05-01 01:00:00+00:00,5.54,11.91,75.4
2023-05-01 02:00:00+00:00,5.61,11.33,74.27
2023-05-01 03:00:00+00:00,5.98,10.78,76.98
2023-05-01 04:00:00+00:00,6.85,10.16,78.08
2023-05-01 05:00:00+00:00,7.81,9.72,79.78
2023-05-01 06:00:00+00:00,9.9,10.17,81.08
2023-05-01 07:00:00+00:00,9.19,11.32,78.91
2023-05-01 08:00:00+00:00,8.38,12.47,72.87
2023-05-01 09:00:00+00:00,7.56,14.12,65.66
2023-05-01 10:00:00+00:00,8.72,16.19,58.98
2023-05-01 11:00:00+00:00,7.32,17.53,51.53
2023-05-01 12:00:00+00:00,10.44,16.72,58.29
2023-05-01 13:00:00+00:00,14.21,15.8,66.93
2023-05-01 14:00:00+00:00,10.21,18.87,54.54
2023-05-01 15:00:00+00:00,11.81,20.02,49.46
2023-05-01 16:00:00+00:00,17.19,19.22,51.63
2023-05-01 17:00:00+00:00,24.99,18.27,55.01
2023-05-01 18:00:00+00:00,29.8,16.48,61.5
2023-05-01 19:00:00+00:00,31.54,14.48,71.05
2023-05-01 20:00:00+00:00,29.29,13.13,75.62
2023-05-01 21:00:00+00:00,20.42,12.77,76.15
2023-05-01 22:00:00+00:00,23.91,12.14,79.07
2023-05-01 23:00:00+00:00,21.63,11.79,81.43
2023-05-02 00:00:00+00:00,10.21,11.6,81.12
2023-05-02 01:00:00+00:00,4.82,11.14,77.72
2023-05-02 02:00:00+00:00,2.82,10.61,74.8
2023-05-02 03:00:00+00:00,3.09,10.38,72.86
2023-05-02 04:00:00+00:00,4.04,10.02,72.72
2023-05-02 05:00:00+00:00,5.26,9.72,72.0
2023-05-02 06:00:00+00:00,4.25,9.65,69.27
2023-05-02 07:00:00+00:00,3.21,10.02,65.92
2023-05-02 08:00:00+00:00,2.65,10.91,53.82
2023-05-02 09:00:00+00:00,2.84,12.33,47.78
2023-05-02 10:00:00+00:00,2.92,15.13,39.83
2023-05-02 11:00:00+00:00,2.82,17.63,33.65
2023-05-02 12:00:00+00:00,3.6,18.5,32.18
2023-05-02 13:00:00+00:00,3.8,19.51,30.91
2023-05-02 14:00:00+00:00,3.29,19.96,31.07
2023-05-02 15:00:00+00:00,2.54,18.91,33.06
2023-05-02 16:00:00+00:00,2.74,17.61,37.11
2023-05-02 17:00:00+00:00,2.3,15.84,40.58
2023-05-02 18:00:00+00:00,1.89,14.72,43.76
2023-05-02 19:00:00+00:00,2.05,13.27,47.84
2023-05-02 20:00:00+00:00,2.38,12.1,52.78
2023-05-02 21:00:00+00:00,2.93,10.82,57.31
2023-05-02 22:00:00+00:00,3.8,9.69,62.29
2023-05-02 23:00:00+00:00,5.04,8.77,66.02
2023-05-03 00:00:00+00:00,5.61,7.92,69.84
2023-05-03 01:00:00+00:00,7.04,7.54,73.18
2023-05-03 02:00:00+00:00,5.25,7.09,73.45
2023-05-03 03:00:00+00:00,4.5,6.62,73.39
2023-05-03 04:00:00+00:00,4.63,6.36,76.26
2023-05-03 05:00:00+00:00,4.03,6.78,75.16
2023-05-03 06:00:00+00:00,4.14,7.55,72.72
2023-05-03 07:00:00+00:00,3.04,8.94,66.14
2023-05-03 08:00:00+00:00,2.38,10.51,58.26
2023-05-03 09:00:00+00:00,2.46,13.32,50.13
2023-05-03 10:00:00+00:00,2.92,16.41,41.86
2023-05-03 11:00:00+00:00,3.46,19.39,36.14
2023-05-03 12:00:00+00:00,3.57,22.07,31.75
2023-05-03 13:00:00+00:00,4.02,23.04,29.73
2023-05-03 14:00:00+00:00,3.9,23.58,28.41
2023-05-03 15:00:00+00:00,4.29,23.31,28.92
2023-05-03 16:00:00+00:00,4.74,22.05,31.86
2023-05-03 17:00:00+00:00,5.83,20.32,37.22
2023-05-03 18:00:00+00:00,6.92,17.64,44.74
2023-05-03 19:00:00+00:00,6.86,15.57,51.64
2023-05-03 20:00:00+00:00,7.71,13.69,57.89
2023-05-03 21:00:00+00:00,8.84,12.66,60.92
2023-05-03 22:00:00+00:00,8.29,11.77,63.37
2023-05-03 23:00:00+00:00,9.64,11.03,65.87
2023-05-04 00:00:00+00:00,12.81,10.45,67.68
2023-05-04 01:00:00+00:00,14.83,9.88,70.27
2023-05-04 03:00:00+00:00,11.83,9.06,71.62
2023-05-04 04:00:00+00:00,13.83,8.81,72.24
2023-05-04 05:00:00+00:00,16.71,8.54,73.42
2023-05-04 06:00:00+00:00,18.6,8.7,74.1
2023-05-04 07:00:00+00:00,17.58,9.24,72.9
2023-05-04 08:00:00+00:00,16.3,11.04,68.14
2023-05-04 09:00:00+00:00,14.29,14.71,57.93
2023-05-04 10:00:00+00:00,12.57,19.86,45.08
2023-05-04 11:00:00+00:00,12.32,23.76,38.11
2023-05-04 12:00:00+00:00,12.28,25.81,34.17
2023-05-04 13:00:00+00:00,11.92,27.89,30.93
2023-05-04 14:00:00+00:00,10.93,28.66,29.92
2023-05-04 15:00:00+00:00,10.31,28.97,29.28
2023-05-04 16:00:00+00:00,10.67,27.81,30.17
2023-05-04 17:00:00+00:00,10.77,26.72,33.24
2023-05-04 18:00:00+00:00,11.36,24.82,36.86
2023-05-04 19:00:00+00:00,10.97,22.31,42.52
2023-05-04 20:00:00+00:00,11.84,20.43,46.56
2023-05-04 21:00:00+00:00,12.37,18.95,50.36
2023-05-04 22:00:00+00:00,13.61,17.89,52.42
2023-05-04 23:00:00+00:00,12.52,17.07,56.38
2023-05-05 00:00:00+00:00,12.43,16.25,60.49
2023-05-05 01:00:00+00:00,15.91,15.84,64.29
2023-05-05 02:00:00+00:00,15.09,15.66,74.34
2023-05-05 03:00:00+00:00,11.88,15.24,77.24
2023-05-05 04:00:00+00:00,10.62,14.28,79.45
2023-05-05 05:00:00+00:00,19.66,13.57,80.83
2023-05-05 06:00:00+00:00,24.02,13.75,81.2
2023-05-05 07:00:00+00:00,20.53,14.33,79.07
2023-05-05 08:00:00+00:00,5.93,15.8,72.06
2023-05-05 09:00:00+00:00,1.95,18.62,59.25
2023-05-05 10:00:00+00:00,1.56,19.68,54.4
2023-05-05 11:00:00+00:00,1.98,18.94,59.25
2023-05-05 12:00:00+00:00,2.23,18.82,60.15
2023-05-05 13:00:00+00:00,2.48,18.06,63.7
2023-05-05 14:00:00+00:00,4.85,17.2,71.15
2023-05-05 15:00:00+00:00,5.71,17.1,74.11
2023-05-05 16:00:00+00:00,5.69,19.31,65.4
2023-05-05 17:00:00+00:00,7.02,19.21,63.75
2023-05-05 18:00:00+00:00,8.87,18.21,66.38
2023-05-05 19:00:00+00:00,3.89,17.44,64.4
2023-05-05 20:00:00+00:00,10.09,16.3,70.07
2023-05-05 21:00:00+00:00,18.65,15.53,75.17
2023-05-05 22:00:00+00:00,17.57,14.66,77.97
2023-05-05 23:00:00+00:00,15.06,13.92,80.51
2023-05-06 00:00:00+00:00,16.98,13.65,82.24
2023-05-06 01:00:00+00:00,19.09,13.23,83.32
2023-05-06 02:00:00+00:00,21.14,13.14,84.99
2023-05-06 03:00:00+00:00,22.64,12.69,83.94
2023-05-06 04:00:00+00:00,25.64,11.92,85.06
2023-05-06 05:00:00+00:00,31.75,11.4,86.75
2023-05-06 06:00:00+00:00,46.4,11.9,91.08
2023-05-06 07:00:00+00:00,46.42,13.08,89.59
2023-05-06 08:00:00+00:00,25.59,15.12,80.9
2023-05-06 09:00:00+00:00,5.67,18.52,64.11
2023-05-06 10:00:00+00:00,4.78,22.61,50.27
2023-05-06 11:00:00+00:00,6.32,24.23,46.64
2023-05-06 12:00:00+00:00,6.33,25.94,43.13
2023-05-06 13:00:00+00:00,5.48,27.99,37.37
2023-05-06 14:00:00+00:00,7.71,28.57,35.07
2023-05-06 15:00:00+00:00,10.83,26.69,41.78
2023-05-06 16:00:00+00:00,27.35,24.11,50.34
2023-05-06 17:00:00+00:00,14.95,22.16,53.21
2023-05-06 18:00:00+00:00,20.37,20.74,60.63
2023-05-06 19:00:00+00:00,13.89,19.72,63.01
2023-05-06 20:00:00+00:00,12.86,18.55,69.4
2023-05-06 21:00:00+00:00,11.46,17.43,73.87
2023-05-06 22:00:00+00:00,12.92,16.67,77.51
2023-05-06 23:00:00+00:00,17.76,16.15,80.68
2023-05-07 00:00:00+00:00,24.52,15.93,82.81
2023-05-07 01:00:00+00:00,31.16,15.59,84.45
2023-05-07 02:00:00+00:00,58.96,15.34,85.82
2023-05-07 03:00:00+00:00,42.42,15.25,85.26
2023-05-07 04:00:00+00:00,22.83,15.18,84.69
2023-05-07 05:00:00+00:00,29.64,15.08,84.49
2023-05-07 06:00:00+00:00,19.22,15.2,85.49
2023-05-07 07:00:00+00:00,22.67,15.74,85.34
2023-05-07 08:00:00+00:00,24.03,16.89,82.41
2023-05-07 09:00:00+00:00,17.26,19.53,73.66
2023-05-07 10:00:00+00:00,12.19,22.68,59.33
2023-05-07 11:00:00+00:00,13.92,24.96,54.62
2023-05-07 12:00:00+00:00,14.67,26.43,49.91
2023-05-07 13:00:00+00:00,14.38,25.43,51.87
2023-05-07 14:00:00+00:00,13.03,22.28,62.96
2023-05-07 15:00:00+00:00,31.41,21.1,70.01
2023-05-07 16:00:00+00:00,26.35,21.04,71.92
2023-05-07 17:00:00+00:00,18.89,21.05,70.84
2023-05-07 18:00:00+00:00,15.63,20.57,70.92
2023-05-07 19:00:00+00:00,13.74,19.7,74.37
2023-05-07 20:00:00+00:00,11.76,18.66,77.24
2023-05-07 21:00:00+00:00,10.16,17.6,78.74
2023-05-07 22:00:00+00:00,14.94,16.6,80.75
2023-05-07 23:00:00+00:00,24.15,15.71,82.22
2023-05-08 00:00:00+00:00,22.57,14.98,83.91
2023-05-08 01:00:00+00:00,19.3,14.3,85.21
2023-05-08 03:00:00+00:00,33.34,13.11,87.84
2023-05-08 04:00:00+00:00,56.93,12.97,89.03
2023-05-08 05:00:00+00:00,61.24,13.05,89.57
2023-05-08 06:00:00+00:00,71.96,13.63,90.36
2023-05-08 07:00:00+00:00,69.95,14.81,90.04
2023-05-08 08:00:00+00:00,80.52,15.57,86.96
2023-05-08 09:00:00+00:00,74.37,16.77,83.28
2023-05-08 10:00:00+00:00,68.48,18.24,78.39
2023-05-08 11:00:00+00:00,48.61,19.64,72.11
2023-05-08 12:00:00+00:00,30.73,21.53,65.46
2023-05-08 13:00:00+00:00,25.91,23.21,60.29
2023-05-08 14:00:00+00:00,26.14,23.75,56.79
2023-05-08 15:00:00+00:00,31.74,22.22,58.86
2023-05-08 16:00:00+00:00,29.05,20.19,63.97
2023-05-08 17:00:00+00:00,21.64,19.49,63.87
2023-05-08 18:00:00+00:00,25.26,18.64,67.56
2023-05-08 19:00:00+00:00,26.48,17.95,70.05
2023-05-08 20:00:00+00:00,15.78,16.82,69.17
2023-05-08 21:00:00+00:00,9.38,15.9,69.98
2023-05-08 22:00:00+00:00,8.02,15.74,72.38
2023-05-08 23:00:00+00:00,9.58,15.48,74.09
2023-05-09 00:00:00+00:00,20.67,15.23,76.89
2023-05-09 01:00:00+00:00,32.86,15.09,79.7
2023-05-09 02:00:00+00:00,45.25,14.99,82.69
2023-05-09 03:00:00+00:00,41.43,14.94,84.08
2023-05-09 04:00:00+00:00,37.33,14.75,85.02
2023-05-09 05:00:00+00:00,31.08,14.73,84.86
2023-05-09 06:00:00+00:00,25.68,14.8,85.26
2023-05-09 07:00:00+00:00,25.42,14.71,87.6
2023-05-09 08:00:00+00:00,24.86,14.79,88.72
2023-05-09 09:00:00+00:00,16.58,15.02,87.67
2023-05-09 10:00:00+00:00,17.15,15.39,87.92
2023-05-09 11:00:00+00:00,13.24,15.55,87.77
2023-05-09 12:00:00+00:00,11.88,15.74,88.2
2023-05-09 13:00:00+00:00,10.17,16.06,88.0
2023-05-09 14:00:00+00:00,9.11,16.13,87.97
2023-05-09 15:00:00+00:00,6.54,16.16,87.77
2023-05-09 16:00:00+00:00,8.72,15.92,88.11
2023-05-09 17:00:00+00:00,4.42,15.13,87.68
2023-05-09 18:00:00+00:00,3.72,14.67,88.15
2023-05-09 19:00:00+00:00,5.08,14.09,88.3
2023-05-09 20:00:00+00:00,8.26,13.39,89.35
2023-05-09 21:00:00+00:00,9.75,13.01,90.71
2023-05-09 22:00:00+00:00,11.64,12.79,91.31
2023-05-09 23:00:00+00:00,25.51,12.7,91.87
2023-05-10 00:00:00+00:00,33.63,12.62,91.36
2023-05-10 01:00:00+00:00,40.17,12.5,92.01
2023-05-10 02:00:00+00:00,40.54,12.46,92.61
2023-05-10 03:00:00+00:00,21.96,12.25,92.11
2023-05-10 04:00:00+00:00,15.49,11.8,91.98
2023-05-10 05:00:00+00:00,18.15,11.7,91.57
2023-05-10 06:00:00+00:00,28.47,11.95,92.21
2023-05-10 07:00:00+00:00,19.36,12.48,90.84
2023-05-10 08:00:00+00:00,24.01,13.0,89.73
2023-05-10 09:00:00+00:00,18.25,14.25,85.36
2023-05-10 10:00:00+00:00,12.61,15.15,81.12
2023-05-10 11:00:00+00:00,15.03,16.19,77.5
2023-05-10 12:00:00+00:00,15.18,17.67,72.16
2023-05-10 13:00:00+00:00,10.57,18.43,67.65
2023-05-10 14:00:00+00:00,18.46,18.31,67.38
2023-05-10 15:00:00+00:00,17.99,18.58,66.53
2023-05-10 16:00:00+00:00,9.29,19.44,61.11
2023-05-10 17:00:00+00:00,7.26,18.94,62.94
2023-05-10 18:00:00+00:00,10.68,16.94,69.65
2023-05-10 19:00:00+00:00,11.15,15.84,72.82
2023-05-10 20:00:00+00:00,11.84,15.03,75.44
2023-05-10 21:00:00+00:00,19.45,14.22,78.82
2023-05-10 22:00:00+00:00,18.52,13.9,80.26
2023-05-10 23:00:00+00:00,15.67,13.62,81.62
2023-05-11 00:00:00+00:00,22.06,13.29,83.07
2023-05-11 01:00:00+00:00,19.56,13.08,84.0
2023-05-11 02:00:00+00:00,19.56,12.91,84.88
2023-05-11 03:00:00+00:00,17.82,12.73,86.12
2023-05-11 04:00:00+00:00,15.44,12.61,86.52
2023-05-11 05:00:00+00:00,16.02,12.57,87.63
2023-05-11 06:00:00+00:00,17.22,12.75,87.9
2023-05-11 07:00:00+00:00,17.5,13.3,88.2
2023-05-11 08:00:00+00:00,11.98,14.45,86.07
2023-05-11 09:00:00+00:00,9.95,15.06,84.02
2023-05-11 10:00:00+00:00,8.57,16.67,81.29
2023-05-11 11:00:00+00:00,8.05,19.27,71.5
2023-05-11 12:00:00+00:00,8.75,22.39,60.47
2023-05-11 13:00:00+00:00,5.33,19.49,68.38
2023-05-11 14:00:00+00:00,4.52,18.36,70.42
2023-05-11 15:00:00+00:00,8.61,19.12,70.05
2023-05-11 16:00:00+00:00,6.96,20.29,64.17
2023-05-11 17:00:00+00:00,8.13,20.07,64.49
2023-05-11 18:00:00+00:00,8.46,18.66,69.87
2023-05-11 19:00:00+00:00,7.21,16.96,73.83
2023-05-11 20:00:00+00:00,5.18,15.82,75.43
2023-05-11 21:00:00+00:00,4.97,14.7,78.35
2023-05-11 22:00:00+00:00,6.87,13.93,80.85
2023-05-11 23:00:00+00:00,6.53,13.27,81.39
2023-05-12 00:00:00+00:00,6.54,12.86,83.6
2023-05-12 01:00:00+00:00,6.71,12.62,85.54
2023-05-12 03:00:00+00:00,7.15,12.22,89.18
2023-05-12 04:00:00+00:00,5.68,12.18,90.66
2023-05-12 05:00:00+00:00,20.23,12.33,91.28
2023-05-12 06:00:00+00:00,32.74,12.51,91.46
2023-05-12 07:00:00+00:00,33.0,12.91,91.51
2023-05-12 08:00:00+00:00,31.06,14.19,89.21
2023-05-12 09:00:00+00:00,27.12,15.98,83.27
2023-05-12 10:00:00+00:00,20.93,19.15,72.32
2023-05-12 11:00:00+00:00,15.42,22.94,59.17
2023-05-12 12:00:00+00:00,10.93,25.33,50.76
2023-05-12 13:00:00+00:00,7.82,27.48,43.49
2023-05-12 14:00:00+00:00,5.26,28.5,39.78
2023-05-12 15:00:00+00:00,10.95,28.32,42.58
2023-05-12 16:00:00+00:00,11.03,27.94,42.38
2023-05-12 17:00:00+00:00,20.67,26.36,50.02
2023-05-12 18:00:00+00:00,20.01,23.48,56.37
2023-05-12 19:00:00+00:00,16.39,21.58,58.78
2023-05-12 20:00:00+00:00,15.68,20.09,61.73
2023-05-12 21:00:00+00:00,23.08,18.51,67.36
2023-05-12 22:00:00+00:00,25.73,17.59,70.38
2023-05-12 23:00:00+00:00,21.48,16.61,70.0
2023-05-13 00:00:00+00:00,17.07,15.73,69.12
2023-05-13 01:00:00+00:00,18.5,14.61,71.17
2023-05-13 02:00:00+00:00,18.78,13.68,72.95
2023-05-13 03:00:00+00:00,23.69,13.01,75.96
2023-05-13 04:00:00+00:00,34.97,12.65,80.77
2023-05-13 05:00:00+00:00,41.38,12.4,83.38
2023-05-13 06:00:00+00:00,34.86,12.56,82.71
2023-05-13 07:00:00+00:00,22.55,13.5,78.31
2023-05-13 08:00:00+00:00,12.59,15.18,69.6
2023-05-13 09:00:00+00:00,8.67,19.89,54.16
2023-05-13 10:00:00+00:00,8.08,24.33,44.56
2023-05-13 11:00:00+00:00,7.52,27.12,38.94
2023-05-13 12:00:00+00:00,8.12,28.96,36.64
2023-05-13 13:00:00+00:00,10.15,30.16,35.45
2023-05-13 14:00:00+00:00,10.04,30.26,35.86
2023-05-13 15:00:00+00:00,11.43,29.49,37.84
2023-05-13 16:00:00+00:00,12.63,27.86,40.12
2023-05-13 17:00:00+00:00,13.38,25.86,43.96
2023-05-13 18:00:00+00:00,12.9,22.6,49.78
2023-05-13 19:00:00+00:00,17.15,19.94,57.02
2023-05-13 20:00:00+00:00,21.26,18.08,63.92
2023-05-13 21:00:00+00:00,23.83,16.59,68.4
2023-05-13 22:00:00+00:00,24.88,15.43,72.14
2023-05-13 23:00:00+00:00,23.48,14.5,75.24
2023-05-14 00:00:00+00:00,27.82,13.73,76.46
2023-05-14 01:00:00+00:00,26.55,13.07,78.15
2023-05-14 02:00:00+00:00,19.8,12.56,79.67
2023-05-14 03:00:00+00:00,19.43,12.22,82.2
2023-05-14 04:00:00+00:00,28.06,11.8,85.51
2023-05-14 05:00:00+00:00,32.5,11.91,86.52
2023-05-14 06:00:00+00:00,27.07,12.48,85.78
2023-05-14 07:00:00+00:00,19.33,13.8,82.23
2023-05-14 08:00:00+00:00,16.98,15.56,76.44
2023-05-14 09:00:00+00:00,12.56,18.77,64.96
2023-05-14 10:00:00+00:00,8.25,22.58,52.74
2023-05-14 11:00:00+00:00,6.35,25.79,44.25
2023-05-14 12:00:00+00:00,6.49,27.47,39.83
2023-05-14 13:00:00+00:00,6.62,28.35,36.75
2023-05-14 14:00:00+00:00,5.64,28.33,37.47
2023-05-14 15:00:00+00:00,6.37,25.01,46.05
2023-05-14 16:00:00+00:00,9.37,22.23,50.8
2023-05-14 17:00:00+00:00,8.62,19.79,54.99
2023-05-14 18:00:00+00:00,10.45,18.52,56.7
2023-05-14 19:00:00+00:00,8.99,17.08,60.28
2023-05-14 20:00:00+00:00,14.15,15.88,64.17
2023-05-14 21:00:00+00:00,20.72,14.75,69.21
2023-05-14 22:00:00+00:00,23.24,14.07,72.79
2023-05-14 23:00:00+00:00,25.82,13.29,76.05
2023-05-15 00:00:00+00:00,26.15,12.25,79.11
2023-05-15 01:00:00+00:00,25.58,11.49,81.62
2023-05-15 02:00:00+00:00,27.9,11.24,84.24
2023-05-15 03:00:00+00:00,28.93,10.96,85.82
2023-05-15 04:00:00+00:00,35.98,10.56,85.8
2023-05-15 05:00:00+00:00,34.97,10.56,85.47
2023-05-15 06:00:00+00:00,34.42,11.11,85.2
2023-05-15 07:00:00+00:00,37.46,12.07,83.57
2023-05-15 08:00:00+00:00,38.07,13.13,80.95
2023-05-15 09:00:00+00:00,33.19,13.46,78.64
2023-05-15 10:00:00+00:00,28.82,13.85,78.29
2023-05-15 11:00:00+00:00,24.85,14.75,75.97
2023-05-15 12:00:00+00:00,18.01,15.92,70.9
2023-05-15 13:00:00+00:00,9.35,15.63,71.33
2023-05-15 14:00:00+00:00,5.06,15.02,72.13
2023-05-15 15:00:00+00:00,5.94,14.72,73.13
2023-05-15 16:00:00+00:00,4.31,14.4,74.64
2023-05-15 17:00:00+00:00,4.65,13.27,75.07
2023-05-15 18:00:00+00:00,4.07,12.33,77.09
2023-05-15 19:00:00+00:00,3.56,11.3,81.01
2023-05-15 20:00:00+00:00,5.54,10.7,79.51
2023-05-15 21:00:00+00:00,5.6,10.19,77.47
2023-05-15 22:00:00+00:00,4.95,9.76,76.75
2023-05-15 23:00:00+00:00,4.74,9.3,76.5
2023-05-16 00:00:00+00:00,4.22,9.05,77.07
2023-05-16 01:00:00+00:00,3.81,8.69,78.62
2023-05-16 03:00:00+00:00,3.53,8.05,80.47
2023-05-16 04:00:00+00:00,3.41,7.9,80.35
2023-05-16 05:00:00+00:00,3.39,8.18,80.5
2023-05-16 06:00:00+00:00,2.6,9.03,78.41
2023-05-16 07:00:00+00:00,2.93,10.04,74.71
2023-05-16 08:00:00+00:00,2.73,11.46,69.27
2023-05-16 09:00:00+00:00,2.69,13.62,61.99
2023-05-16 10:00:00+00:00,2.18,16.9,50.14
2023-05-16 11:00:00+00:00,1.98,18.3,46.64
2023-05-16 12:00:00+00:00,1.86,18.75,44.69
2023-05-16 13:00:00+00:00,2.16,20.29,39.0
2023-05-16 14:00:00+00:00,1.68,20.72,37.7
2023-05-16 15:00:00+00:00,2.0,19.0,46.3
2023-05-16 16:00:00+00:00,4.27,17.51,53.63
2023-05-16 17:00:00+00:00,2.81,16.68,54.28
2023-05-16 18:00:00+00:00,3.31,15.28,58.51
2023-05-16 19:00:00+00:00,4.16,14.03,62.93
2023-05-16 20:00:00+00:00,5.11,13.15,67.81
2023-05-16 21:00:00+00:00,5.94,12.25,72.2
2023-05-16 22:00:00+00:00,6.84,11.38,75.77
2023-05-16 23:00:00+00:00,7.15,10.6,78.44
2023-05-17 00:00:00+00:00,7.15,10.24,80.95
2023-05-17 01:00:00+00:00,7.61,10.62,83.43
2023-05-17 02:00:00+00:00,6.6,11.04,81.21
2023-05-17 03:00:00+00:00,5.7,10.55,77.73
2023-05-17 04:00:00+00:00,5.54,9.78,76.95
2023-05-17 05:00:00+00:00,5.02,9.27,78.42
2023-05-17 06:00:00+00:00,5.07,9.51,77.38
2023-05-17 07:00:00+00:00,3.8,10.28,70.78
2023-05-17 08:00:00+00:00,2.82,11.85,62.63
2023-05-17 09:00:00+00:00,2.77,14.99,50.25
2023-05-17 10:00:00+00:00,2.35,18.81,40.79
2023-05-17 11:00:00+00:00,2.5,21.76,34.71
2023-05-17 12:00:00+00:00,3.17,21.66,34.58
2023-05-17 13:00:00+00:00,3.37,24.22,30.22
2023-05-17 14:00:00+00:00,3.02,23.32,30.87
2023-05-17 15:00:00+00:00,3.38,22.12,33.53
2023-05-17 16:00:00+00:00,3.21,21.68,33.8
2023-05-17 17:00:00+00:00,3.0,19.92,35.8
2023-05-17 18:00:00+00:00,2.91,17.51,40.64
2023-05-17 19:00:00+00:00,2.68,15.59,46.18
2023-05-17 20:00:00+00:00,3.2,13.73,51.87
2023-05-17 21:00:00+00:00,3.59,12.23,55.23
2023-05-17 22:00:00+00:00,3.57,10.84,59.01
2023-05-17 23:00:00+00:00,3.97,9.99,62.08
2023-05-18 00:00:00+00:00,4.04,9.41,66.28
2023-05-18 01:00:00+00:00,5.08,8.98,69.81
2023-05-18 02:00:00+00:00,5.1,8.61,71.14
2023-05-18 03:00:00+00:00,4.91,8.25,73.35
2023-05-18 04:00:00+00:00,4.9,7.99,74.19
2023-05-18 05:00:00+00:00,4.67,7.94,73.62
2023-05-18 06:00:00+00:00,4.76,8.71,73.4
2023-05-18 07:00:00+00:00,3.83,10.48,63.84
2023-05-18 08:00:00+00:00,3.76,11.59,58.64
2023-05-18 09:00:00+00:00,3.67,13.48,52.45
2023-05-18 10:00:00+00:00,3.21,16.7,44.47
2023-05-18 11:00:00+00:00,3.72,17.62,41.1
2023-05-18 12:00:00+00:00,3.57,19.39,37.47
2023-05-18 13:00:00+00:00,3.55,20.06,36.17
2023-05-18 14:00:00+00:00,4.1,21.52,34.7
2023-05-18 15:00:00+00:00,3.45,24.22,30.8
2023-05-18 16:00:00+00:00,3.15,24.11,30.29
2023-05-18 17:00:00+00:00,3.91,22.8,33.81
2023-05-18 18:00:00+00:00,4.34,20.17,39.99
2023-05-18 19:00:00+00:00,5.13,17.56,49.37
2023-05-18 20:00:00+00:00,5.22,15.55,57.4
2023-05-18 21:00:00+00:00,4.91,13.81,64.72
2023-05-18 22:00:00+00:00,5.58,12.71,69.55
2023-05-18 23:00:00+00:00,6.58,11.84,72.09
2023-05-19 00:00:00+00:00,6.58,11.11,74.8
2023-05-19 01:00:00+00:00,7.15,10.41,77.57
2023-05-19 02:00:00+00:00,7.35,9.87,79.61
2023-05-19 03:00:00+00:00,8.14,9.29,81.98
2023-05-19 04:00:00+00:00,9.29,8.94,85.24
2023-05-19 05:00:00+00:00,9.76,8.85,86.18
2023-05-19 06:00:00+00:00,11.44,9.34,89.08
2023-05-19 07:00:00+00:00,13.11,10.55,88.94
2023-05-19 08:00:00+00:00,9.13,12.91,75.99
2023-05-19 09:00:00+00:00,6.44,17.32,60.34
2023-05-19 10:00:00+00:00,5.14,23.08,42.25
2023-05-19 11:00:00+00:00,4.12,25.86,33.13
2023-05-19 12:00:00+00:00,3.18,27.82,25.76
2023-05-19 13:00:00+00:00,3.34,28.73,24.08
2023-05-19 14:00:00+00:00,3.37,29.28,24.29
2023-05-19 15:00:00+00:00,3.73,29.06,25.14
2023-05-19 16:00:00+00:00,3.83,28.01,26.92
2023-05-19 17:00:00+00:00,4.75,25.7,31.84
2023-05-19 18:00:00+00:00,6.75,22.28,42.33
2023-05-19 19:00:00+00:00,7.16,19.94,50.15
2023-05-19 20:00:00+00:00,6.89,18.05,56.24
2023-05-19 21:00:00+00:00,5.64,16.28,62.1
2023-05-19 22:00:00+00:00,5.54,15.07,63.22
2023-05-19 23:00:00+00:00,6.9,14.12,66.47
2023-05-20 00:00:00+00:00,7.95,13.47,70.31
2023-05-20 01:00:00+00:00,8.56,12.83,72.77
2023-05-20 03:00:00+00:00,10.47,11.64,77.42
2023-05-20 04:00:00+00:00,11.51,11.25,80.03
2023-05-20 05:00:00+00:00,10.94,11.1,80.67
2023-05-20 06:00:00+00:00,10.81,11.64,81.75
2023-05-20 07:00:00+00:00,10.0,12.9,79.97
2023-05-20 08:00:00+00:00,6.64,15.15,69.7
2023-05-20 09:00:00+00:00,5.02,20.04,53.6
2023-05-20 10:00:00+00:00,3.62,25.07,38.88
2023-05-20 11:00:00+00:00,3.26,27.63,33.26
2023-05-20 12:00:00+00:00,2.7,29.04,29.43
2023-05-20 13:00:00+00:00,2.58,29.31,28.7
2023-05-20 14:00:00+00:00,2.41,28.3,29.13
2023-05-20 15:00:00+00:00,3.11,27.08,33.71
2023-05-20 16:00:00+00:00,4.18,24.88,41.31
2023-05-20 17:00:00+00:00,4.89,23.25,44.71
2023-05-20 18:00:00+00:00,5.08,21.4,49.15
2023-05-20 19:00:00+00:00,4.98,20.03,53.74
2023-05-20 20:00:00+00:00,4.38,18.58,57.32
2023-05-20 21:00:00+00:00,5.02,17.15,63.9
2023-05-20 22:00:00+00:00,4.87,15.99,68.42
2023-05-20 23:00:00+00:00,5.88,14.97,72.28
2023-05-21 00:00:00+00:00,6.9,14.25,75.57
2023-05-21 01:00:00+00:00,8.93,14.32,77.68
2023-05-21 02:00:00+00:00,9.7,14.43,78.27
2023-05-21 03:00:00+00:00,10.99,14.53,79.16
2023-05-21 04:00:00+00:00,11.12,14.63,78.78
2023-05-21 05:00:00+00:00,11.09,14.7,78.85
2023-05-21 06:00:00+00:00,10.57,14.87,78.16
2023-05-21 07:00:00+00:00,10.28,15.8,75.68
2023-05-21 08:00:00+00:00,10.05,17.03,72.63
2023-05-21 09:00:00+00:00,9.13,18.75,64.72
2023-05-21 10:00:00+00:00,8.2,21.15,57.03
2023-05-21 11:00:00+00:00,7.71,23.98,48.24
2023-05-21 12:00:00+00:00,6.96,26.03,44.28
2023-05-21 13:00:00+00:00,6.85,28.18,38.61
2023-05-21 14:00:00+00:00,5.76,28.3,37.19
2023-05-21 15:00:00+00:00,5.77,28.08,38.06
2023-05-21 16:00:00+00:00,5.77,27.43,40.96
2023-05-21 17:00:00+00:00,7.71,26.01,44.57
2023-05-21 18:00:00+00:00,10.04,23.72,50.83
2023-05-21 19:00:00+00:00,13.1,22.02,56.67
2023-05-21 20:00:00+00:00,13.08,20.0,64.15
2023-05-21 21:00:00+00:00,13.04,18.4,69.38
2023-05-21 22:00:00+00:00,15.22,17.22,73.82
2023-05-21 23:00:00+00:00,16.63,16.58,76.35
2023-05-22 00:00:00+00:00,15.99,15.78,77.77
2023-05-22 01:00:00+00:00,20.15,15.29,80.31
2023-05-22 02:00:00+00:00,22.51,15.1,82.17
2023-05-22 03:00:00+00:00,23.67,14.57,83.15
2023-05-22 04:00:00+00:00,25.27,14.18,84.69
2023-05-22 05:00:00+00:00,27.58,14.27,85.27
2023-05-22 06:00:00+00:00,31.36,15.13,85.74
2023-05-22 07:00:00+00:00,35.25,16.83,84.25
2023-05-22 08:00:00+00:00,26.33,19.57,75.75
2023-05-22 09:00:00+00:00,12.2,24.38,59.45
2023-05-22 10:00:00+00:00,11.83,27.68,48.92
2023-05-22 11:00:00+00:00,11.36,31.24,41.65
2023-05-22 12:00:00+00:00,9.36,33.71,35.73
2023-05-22 13:00:00+00:00,9.27,32.59,37.01
2023-05-22 14:00:00+00:00,10.39,31.69,38.61
2023-05-22 15:00:00+00:00,7.11,29.97,39.85
2023-05-22 16:00:00+00:00,6.02,28.38,41.54
2023-05-22 17:00:00+00:00,8.65,26.12,47.01
2023-05-22 18:00:00+00:00,11.17,23.26,53.81
2023-05-22 19:00:00+00:00,13.49,21.39,59.89
2023-05-22 20:00:00+00:00,16.66,18.97,67.06
2023-05-22 21:00:00+00:00,9.55,17.5,70.82
2023-05-22 22:00:00+00:00,11.06,16.67,74.28
2023-05-22 23:00:00+00:00,16.46,15.78,75.96
2023-05-23 00:00:00+00:00,14.69,15.08,78.14
2023-05-23 01:00:00+00:00,12.8,14.65,78.83
2023-05-23 02:00:00+00:00,12.6,14.48,76.76
2023-05-23 03:00:00+00:00,9.09,14.16,75.26
2023-05-23 04:00:00+00:00,7.24,13.54,74.1
2023-05-23 05:00:00+00:00,10.49,13.1,72.47
2023-05-23 06:00:00+00:00,7.59,12.85,74.99
2023-05-23 07:00:00+00:00,5.27,13.01,67.84
2023-05-23 08:00:00+00:00,5.22,14.35,62.49
2023-05-23 09:00:00+00:00,4.59,16.42,54.68
2023-05-23 10:00:00+00:00,4.44,17.73,50.3
2023-05-23 11:00:00+00:00,4.99,19.04,46.16
2023-05-23 12:00:00+00:00,4.21,20.7,41.93
2023-05-23 13:00:00+00:00,3.65,21.14,39.25
2023-05-23 14:00:00+00:00,3.97,20.07,40.92
2023-05-23 15:00:00+00:00,3.76,19.69,40.98
2023-05-23 16:00:00+00:00,4.03,19.42,41.74
2023-05-23 17:00:00+00:00,3.55,18.85,42.25
2023-05-23 18:00:00+00:00,3.71,17.42,45.6
2023-05-23 19:00:00+00:00,4.29,15.63,50.81
2023-05-23 20:00:00+00:00,4.6,14.15,56.7
2023-05-23 21:00:00+00:00,5.62,13.01,60.93
2023-05-23 22:00:00+00:00,5.54,12.22,64.47
2023-05-23 23:00:00+00:00,5.44,11.57,68.47
2023-05-24 00:00:00+00:00,5.94,10.72,74.01
2023-05-24 01:00:00+00:00,6.41,9.97,77.72
2023-05-24 03:00:00+00:00,7.99,9.23,81.36
2023-05-24 04:00:00+00:00,8.12,8.97,82.87
2023-05-24 05:00:00+00:00,7.9,9.26,84.36
2023-05-24 06:00:00+00:00,7.54,10.13,82.65
2023-05-24 07:00:00+00:00,6.12,11.56,75.56
2023-05-24 08:00:00+00:00,5.39,13.44,67.14
2023-05-24 09:00:00+00:00,5.22,17.23,53.73
2023-05-24 10:00:00+00:00,4.75,18.32,49.8
2023-05-24 11:00:00+00:00,4.79,20.3,46.53
2023-05-24 12:00:00+00:00,4.7,21.04,43.87
2023-05-24 13:00:00+00:00,4.95,20.98,44.42
2023-05-24 14:00:00+00:00,3.66,21.3,43.31
2023-05-24 15:00:00+00:00,3.25,20.88,43.2
2023-05-24 16:00:00+00:00,3.13,20.58,44.04
2023-05-24 17:00:00+00:00,4.98,19.22,47.99
2023-05-24 18:00:00+00:00,4.41,18.15,51.5
2023-05-24 19:00:00+00:00,4.65,17.12,55.58
2023-05-24 20:00:00+00:00,5.09,15.86,59.66
2023-05-24 21:00:00+00:00,4.93,14.4,64.42
2023-05-24 22:00:00+00:00,6.32,13.41,70.91
2023-05-24 23:00:00+00:00,8.53,12.9,75.99
2023-05-25 00:00:00+00:00,9.66,12.46,79.2
2023-05-25 01:00:00+00:00,10.36,12.24,80.47
2023-05-25 02:00:00+00:00,11.77,11.87,81.79
2023-05-25 03:00:00+00:00,12.16,11.68,83.11
2023-05-25 04:00:00+00:00,11.11,11.35,83.66
2023-05-25 05:00:00+00:00,11.58,11.35,85.06
2023-05-25 06:00:00+00:00,12.78,11.68,85.12
2023-05-25 07:00:00+00:00,12.66,12.83,83.07
2023-05-25 08:00:00+00:00,8.0,15.14,73.88
2023-05-25 09:00:00+00:00,7.66,16.25,67.68
2023-05-25 10:00:00+00:00,6.37,16.39,64.87
2023-05-25 11:00:00+00:00,4.63,17.04,59.71
2023-05-25 12:00:00+00:00,4.74,19.82,50.27
2023-05-25 13:00:00+00:00,4.79,22.73,40.99
2023-05-25 14:00:00+00:00,5.31,24.98,35.01
2023-05-25 15:00:00+00:00,5.42,25.9,32.64
2023-05-25 16:00:00+00:00,6.13,24.49,35.58
2023-05-25 17:00:00+00:00,6.81,22.05,40.29
2023-05-25 18:00:00+00:00,6.66,19.13,45.91
2023-05-25 19:00:00+00:00,7.36,16.82,52.1
2023-05-25 20:00:00+00:00,7.75,15.19,57.45
2023-05-25 21:00:00+00:00,7.61,13.84,62.31
2023-05-25 22:00:00+00:00,6.88,12.69,66.87
2023-05-25 23:00:00+00:00,7.21,11.74,69.19
2023-05-26 00:00:00+00:00,8.14,11.2,71.55
2023-05-26 01:00:00+00:00,7.13,10.68,73.37
2023-05-26 02:00:00+00:00,7.68,10.17,76.09
2023-05-26 03:00:00+00:00,7.32,9.74,77.33
2023-05-26 04:00:00+00:00,8.37,9.51,78.15
2023-05-26 05:00:00+00:00,8.0,9.47,78.82
2023-05-26 06:00:00+00:00,8.02,10.15,77.69
2023-05-26 07:00:00+00:00,7.87,11.28,72.94
2023-05-26 08:00:00+00:00,7.17,13.22,65.84
2023-05-26 09:00:00+00:00,6.54,16.98,53.44
2023-05-26 10:00:00+00:00,5.98,22.19,40.58
2023-05-26 11:00:00+00:00,5.14,25.35,33.72
2023-05-26 12:00:00+00:00,4.75,26.95,30.56
2023-05-26 13:00:00+00:00,4.61,28.5,28.37
2023-05-26 14:00:00+00:00,4.66,28.62,28.06
2023-05-26 15:00:00+00:00,5.09,27.27,31.65
2023-05-26 16:00:00+00:00,5.53,25.18,35.26
2023-05-26 17:00:00+00:00,5.26,22.98,38.35
2023-05-26 18:00:00+00:00,4.99,20.03,44.55
2023-05-26 19:00:00+00:00,5.21,17.8,50.33
2023-05-26 20:00:00+00:00,5.09,16.07,54.84
2023-05-26 21:00:00+00:00,5.9,14.62,59.83
2023-05-26 22:00:00+00:00,6.27,13.42,65.27
2023-05-26 23:00:00+00:00,6.49,12.49,68.88
2023-05-27 00:00:00+00:00,6.16,11.67,71.65
2023-05-27 01:00:00+00:00,5.65,10.99,73.54
2023-05-27 02:00:00+00:00,5.27,10.45,75.71
2023-05-27 03:00:00+00:00,5.54,9.98,77.51
2023-05-27 04:00:00+00:00,6.61,9.59,79.68
2023-05-27 05:00:00+00:00,5.58,9.69,80.26
2023-05-27 06:00:00+00:00,5.56,10.59,79.27
2023-05-27 07:00:00+00:00,6.23,11.95,74.58
2023-05-27 08:00:00+00:00,5.92,13.99,67.04
2023-05-27 09:00:00+00:00,5.84,17.66,56.85
2023-05-27 10:00:00+00:00,5.91,22.72,44.72
2023-05-27 11:00:00+00:00,5.57,26.53,37.53
2023-05-27 12:00:00+00:00,5.57,28.91,32.97
2023-05-27 13:00:00+00:00,5.6,30.35,29.95
2023-05-27 14:00:00+00:00,5.72,31.08,28.94
2023-05-27 15:00:00+00:00,5.47,31.22,28.5
2023-05-27 16:00:00+00:00,5.91,30.05,30.39
2023-05-27 17:00:00+00:00,6.04,28.34,32.77
2023-05-27 18:00:00+00:00,7.31,25.09,41.82
2023-05-27 19:00:00+00:00,7.9,22.26,51.02
2023-05-27 20:00:00+00:00,8.98,20.19,58.8
2023-05-27 21:00:00+00:00,9.96,18.35,64.65
2023-05-27 22:00:00+00:00,10.03,16.96,68.69
2023-05-27 23:00:00+00:00,9.98,15.69,72.43
2023-05-28 00:00:00+00:00,10.47,14.75,75.19
2023-05-28 01:00:00+00:00,10.58,14.18,76.8
2023-05-28 03:00:00+00:00,11.91,12.96,78.46
2023-05-28 04:00:00+00:00,12.57,12.45,78.23
2023-05-28 05:00:00+00:00,11.87,12.24,79.0
2023-05-28 06:00:00+00:00,11.4,12.69,78.27
2023-05-28 07:00:00+00:00,10.55,14.14,76.65
2023-05-28 08:00:00+00:00,8.87,17.01,63.79
2023-05-28 09:00:00+00:00,8.76,22.24,49.86
2023-05-28 10:00:00+00:00,7.79,25.52,42.04
2023-05-28 11:00:00+00:00,6.92,27.35,37.35
2023-05-28 12:00:00+00:00,6.35,27.74,32.11
2023-05-28 13:00:00+00:00,7.19,29.42,27.17
2023-05-28 14:00:00+00:00,5.07,30.03,29.13
2023-05-28 15:00:00+00:00,4.06,29.54,31.96
2023-05-28 16:00:00+00:00,8.36,27.6,35.52
2023-05-28 17:00:00+00:00,5.54,24.73,42.23
2023-05-28 18:00:00+00:00,7.64,21.67,50.14
2023-05-28 19:00:00+00:00,8.51,19.43,57.7
2023-05-28 20:00:00+00:00,5.29,17.15,61.68
2023-05-28 21:00:00+00:00,4.54,15.68,61.02
2023-05-28 22:00:00+00:00,4.71,14.58,65.18
2023-05-28 23:00:00+00:00,4.8,13.49,69.56
2023-05-29 00:00:00+00:00,4.35,12.85,70.67
2023-05-29 01:00:00+00:00,4.24,12.07,71.25
2023-05-29 02:00:00+00:00,4.06,11.59,73.59
2023-05-29 03:00:00+00:00,4.11,11.05,74.71
2023-05-29 04:00:00+00:00,4.27,10.43,75.98
2023-05-29 05:00:00+00:00,4.58,10.35,76.1
2023-05-29 06:00:00+00:00,4.66,11.02,74.31
2023-05-29 07:00:00+00:00,3.94,12.48,67.45
2023-05-29 08:00:00+00:00,3.55,14.68,58.18
2023-05-29 09:00:00+00:00,3.49,18.15,49.3
2023-05-29 10:00:00+00:00,3.53,22.09,39.28
2023-05-29 11:00:00+00:00,4.2,25.05,34.39
2023-05-29 12:00:00+00:00,4.43,25.47,34.29
2023-05-29 13:00:00+00:00,4.24,25.3,34.38
2023-05-29 14:00:00+00:00,3.89,25.86,33.38
2023-05-29 15:00:00+00:00,3.6,25.49,34.0
2023-05-29 16:00:00+00:00,3.3,24.28,35.23
2023-05-29 17:00:00+00:00,3.16,22.48,37.65
2023-05-29 18:00:00+00:00,3.73,19.69,43.06
2023-05-29 19:00:00+00:00,3.8,17.15,51.19
2023-05-29 20:00:00+00:00,3.68,15.47,56.68
2023-05-29 21:00:00+00:00,3.8,14.26,61.34
2023-05-29 22:00:00+00:00,4.06,13.39,64.72
2023-05-29 23:00:00+00:00,4.81,12.69,67.9
2023-05-30 00:00:00+00:00,4.58,12.22,70.39
2023-05-30 01:00:00+00:00,4.92,12.33,71.22
2023-05-30 02:00:00+00:00,5.14,12.43,69.94
2023-05-30 03:00:00+00:00,5.61,12.33,69.7
2023-05-30 04:00:00+00:00,5.76,12.27,69.01
2023-05-30 05:00:00+00:00,5.95,12.45,69.2
2023-05-30 06:00:00+00:00,5.54,12.96,67.63
2023-05-30 07:00:00+00:00,5.45,13.99,65.38
2023-05-30 08:00:00+00:00,5.13,15.41,61.64
2023-05-30 09:00:00+00:00,4.18,15.71,63.97
2023-05-30 10:00:00+00:00,3.73,15.83,66.32
2023-05-30 11:00:00+00:00,2.54,16.66,63.03
2023-05-30 12:00:00+00:00,1.9,17.79,58.13
2023-05-30 13:00:00+00:00,2.53,17.98,58.15
2023-05-30 14:00:00+00:00,2.58,17.77,58.8
2023-05-30 15:00:00+00:00,2.38,18.35,56.55
2023-05-30 16:00:00+00:00,2.02,18.34,55.47
2023-05-30 17:00:00+00:00,2.32,17.51,59.86
2023-05-30 18:00:00+00:00,2.3,16.66,62.84
2023-05-30 19:00:00+00:00,2.37,15.87,66.3
2023-05-30 20:00:00+00:00,2.73,15.32,67.36
2023-05-30 21:00:00+00:00,2.74,14.63,68.98
2023-05-30 22:00:00+00:00,3.16,14.17,72.07
2023-05-30 23:00:00+00:00,3.58,13.78,73.56
2023-05-31 00:00:00+00:00,3.88,12.99,75.63
2023-05-31 01:00:00+00:00,5.86,12.54,78.91
2023-05-31 02:00:00+00:00,5.64,12.36,80.03
2023-05-31 03:00:00+00:00,5.89,11.89,81.11
2023-05-31 04:00:00+00:00,6.67,11.37,82.6
2023-05-31 05:00:00+00:00,7.16,11.54,83.25
2023-05-31 06:00:00+00:00,8.39,12.63,82.4
2023-05-31 07:00:00+00:00,10.1,14.3,78.39
2023-05-31 08:00:00+00:00,9.95,17.16,70.08
2023-05-31 09:00:00+00:00,8.41,22.62,53.13
2023-05-31 10:00:00+00:00,8.89,26.86,42.01
2023-05-31 11:00:00+00:00,9.41,30.17,36.64
2023-05-31 12:00:00+00:00,7.39,32.37,32.73
2023-05-31 13:00:00+00:00,6.04,33.28,30.82
2023-05-31 14:00:00+00:00,6.91,31.83,34.29
2023-05-31 15:00:00+00:00,6.61,30.43,35.64
2023-05-31 16:00:00+00:00,7.79,28.48,38.61
2023-05-31 17:00:00+00:00,8.62,25.39,44.0
2023-05-31 18:00:00+00:00,7.04,21.81,51.18
2023-05-31 19:00:00+00:00,9.51,19.07,57.46
2023-05-31 20:00:00+00:00,9.21,17.18,62.78
2023-05-31 21:00:00+00:00,10.43,15.94,66.44
2023-05-31 22:00:00+00:00,11.31,15.05,69.08
2023-05-31 23:00:00+00:00,8.89,14.36,70.3
2023-06-01 00:00:00+00:00,8.25,14.04,71.89
2023-06-01 01:00:00+00:00,8.95,13.71,72.41
2023-06-01 03:00:00+00:00,8.53,13.18,73.71
2023-06-01 04:00:00+00:00,12.15,13.14,74.84
2023-06-01 05:00:00+00:00,10.48,13.09,74.08
2023-06-01 06:00:00+00:00,8.31,13.37,72.48
2023-06-01 07:00:00+00:00,6.54,14.11,68.31
2023-06-01 08:00:00+00:00,5.77,15.11,64.46
2023-06-01 09:00:00+00:00,4.85,16.74,58.72
2023-06-01 10:00:00+00:00,4.93,18.33,54.11
2023-06-01 11:00:00+00:00,3.85,20.0,50.2
2023-06-01 12:00:00+00:00,2.94,18.55,56.06
2023-06-01 13:00:00+00:00,1.81,18.1,57.85
2023-06-01 14:00:00+00:00,3.98,17.66,58.18
2023-06-01 15:00:00+00:00,3.48,18.05,54.67
2023-06-01 16:00:00+00:00,4.05,17.51,55.47
2023-06-01 17:00:00+00:00,4.37,16.74,57.15
2023-06-01 17:00:00+00:00,4.37,16.74,57.15
2023-06-01 17:00:00+00:00,4.37,16.74,57.15
2023-06-01 17:00:00+00:00,4.37,16.74,57.15
2023-06-01 17:00:00+00:00,4.37,16.74,57.15
2023-06-01 17:00:00+00:00,4.37,16.74,57.15
2023-06-01 17:00:00+00:00,4.37,16.74,57.15
2023-06-01 17:00:00+00:00,4.37,16.74,57.15
2023-06-01 18:00:00+00:00,2.59,15.79,58.77
2023-06-01 19:00:00+00:00,3.09,14.89,60.92
2023-06-01 20:00:00+00:00,3.47,14.18,62.94
2023-06-01 21:00:00+00:00,3.93,13.52,62.53
2023-06-01 22:00:00+00:00,4.27,13.07,62.39
2023-06-01 23:00:00+00:00,4.84,12.86,64.08
2023-06-02 00:00:00+00:00,4.83,12.45,63.48
2023-06-02 01:00:00+00:00,4.09,12.08,64.32
2023-06-02 02:00:00+00:00,4.06,11.92,65.74
2023-06-02 03:00:00+00:00,4.16,11.76,65.07
2023-06-02 04:00:00+00:00,3.86,11.61,65.05
2023-06-02 05:00:00+00:00,4.13,11.63,65.7
2023-06-02 06:00:00+00:00,4.55,12.19,64.89
2023-06-02 07:00:00+00:00,4.29,13.26,62.85
2023-06-02 08:00:00+00:00,4.45,14.06,63.31
2023-06-02 09:00:00+00:00,4.21,14.88,62.96
2023-06-02 10:00:00+00:00,4.93,15.77,62.47
2023-06-02 11:00:00+00:00,5.78,17.11,60.55
2023-06-02 12:00:00+00:00,6.12,18.04,58.94
2023-06-02 13:00:00+00:00,5.61,21.86,50.78
2023-06-02 14:00:00+00:00,4.87,24.34,43.67
2023-06-02 15:00:00+00:00,3.09,24.96,40.0
2023-06-02 16:00:00+00:00,2.05,26.07,33.75
2023-06-02 17:00:00+00:00,2.66,24.61,40.22
2023-06-02 18:00:00+00:00,3.52,21.8,49.41
2023-06-02 19:00:00+00:00,4.51,19.63,58.25
2023-06-02 20:00:00+00:00,4.66,17.71,64.82
2023-06-02 21:00:00+00:00,5.19,16.27,70.09
2023-06-02 22:00:00+00:00,5.57,15.29,72.09
2023-06-02 23:00:00+00:00,5.85,14.5,74.35
2023-06-03 00:00:00+00:00,5.63,13.74,76.02
2023-06-03 01:00:00+00:00,6.29,13.17,77.38
2023-06-03 02:00:00+00:00,6.35,12.66,79.0
2023-06-03 03:00:00+00:00,5.58,12.15,79.73
2023-06-03 04:00:00+00:00,4.9,11.62,79.44
2023-06-03 05:00:00+00:00,4.05,11.43,78.75
2023-06-03 06:00:00+00:00,3.48,11.77,76.93
2023-06-03 07:00:00+00:00,2.45,12.87,69.08
2023-06-03 08:00:00+00:00,1.99,16.31,57.95
2023-06-03 09:00:00+00:00,2.43,22.84,44.04
2023-06-03 10:00:00+00:00,2.14,27.69,32.38
2023-06-03 11:00:00+00:00,1.52,30.59,24.47
2023-06-03 12:00:00+00:00,1.18,32.07,22.34
2023-06-03 13:00:00+00:00,1.22,33.5,19.72
2023-06-03 14:00:00+00:00,0.93,33.93,18.44
2023-06-03 15:00:00+00:00,1.18,33.42,18.83
2023-06-03 16:00:00+00:00,1.15,31.84,20.56
2023-06-03 17:00:00+00:00,1.26,29.92,23.65
2023-06-03 18:00:00+00:00,1.41,25.99,32.09
2023-06-03 19:00:00+00:00,1.59,22.32,37.99
2023-06-03 20:00:00+00:00,1.95,20.09,44.44
2023-06-03 21:00:00+00:00,2.56,18.16,51.16
2023-06-03 22:00:00+00:00,2.53,16.97,55.89
2023-06-03 23:00:00+00:00,2.51,16.13,58.34
2023-06-04 00:00:00+00:00,3.16,15.05,61.78
2023-06-04 01:00:00+00:00,3.62,14.2,66.12
2023-06-04 02:00:00+00:00,4.46,13.46,69.81
2023-06-04 03:00:00+00:00,5.93,12.75,73.56
2023-06-04 04:00:00+00:00,7.11,12.23,77.03
2023-06-04 05:00:00+00:00,7.93,12.13,80.54
2023-06-04 06:00:00+00:00,7.39,12.74,83.11
2023-06-04 07:00:00+00:00,6.08,13.8,80.07
2023-06-04 08:00:00+00:00,4.57,16.86,66.23
2023-06-04 09:00:00+00:00,2.44,22.87,45.7
2023-06-04 10:00:00+00:00,2.04,27.43,34.89
2023-06-04 11:00:00+00:00,2.07,30.67,29.29
2023-06-04 12:00:00+00:00,2.12,32.84,26.17
2023-06-04 13:00:00+00:00,1.8,34.1,24.45
2023-06-04 14:00:00+00:00,1.7,34.21,23.19
2023-06-04 15:00:00+00:00,2.25,31.74,27.53
2023-06-04 16:00:00+00:00,2.52,29.12,32.54
2023-06-04 17:00:00+00:00,2.7,26.25,36.91
2023-06-04 18:00:00+00:00,2.5,22.88,42.59
2023-06-04 19:00:00+00:00,2.75,19.87,50.12
2023-06-04 20:00:00+00:00,3.31,17.96,55.9
2023-06-04 21:00:00+00:00,4.1,16.63,61.33
2023-06-04 22:00:00+00:00,5.33,15.33,65.98
2023-06-04 23:00:00+00:00,5.91,14.48,68.97
2023-06-05 00:00:00+00:00,8.1,13.64,71.65
2023-06-05 01:00:00+00:00,8.82,12.96,73.81
2023-06-05 03:00:00+00:00,8.25,12.29,76.84
2023-06-05 04:00:00+00:00,8.29,12.44,76.33
2023-06-05 05:00:00+00:00,6.82,12.79,74.15
2023-06-05 06:00:00+00:00,5.75,13.49,71.51
2023-06-05 07:00:00+00:00,4.22,14.66,67.06
2023-06-05 08:00:00+00:00,3.81,17.42,59.32
2023-06-05 09:00:00+00:00,3.93,22.54,45.39
2023-06-05 10:00:00+00:00,3.87,26.05,37.91
2023-06-05 11:00:00+00:00,4.13,28.94,33.55
2023-06-05 12:00:00+00:00,4.3,30.95,30.61
2023-06-05 13:00:00+00:00,4.34,31.69,28.52
2023-06-05 14:00:00+00:00,4.04,31.35,29.28
2023-06-05 15:00:00+00:00,4.69,30.38,30.55
2023-06-05 16:00:00+00:00,5.49,29.0,32.21
2023-06-05 17:00:00+00:00,5.76,26.55,36.31
2023-06-05 18:00:00+00:00,6.11,23.29,42.22
2023-06-05 19:00:00+00:00,6.36,20.45,48.64
2023-06-05 20:00:00+00:00,5.55,18.51,54.29
2023-06-05 21:00:00+00:00,5.92,16.84,59.82
2023-06-05 22:00:00+00:00,6.44,15.35,64.38
2023-06-05 23:00:00+00:00,7.41,14.42,67.44
2023-06-06 00:00:00+00:00,8.14,13.62,70.98
2023-06-06 01:00:00+00:00,7.73,13.0,73.33
2023-06-06 02:00:00+00:00,6.96,12.36,75.14
2023-06-06 03:00:00+00:00,7.57,11.88,76.51
2023-06-06 04:00:00+00:00,8.65,11.54,78.18
2023-06-06 05:00:00+00:00,8.66,11.66,79.8
2023-06-06 06:00:00+00:00,9.5,12.28,80.02
2023-06-06 07:00:00+00:00,9.74,13.53,77.42
2023-06-06 08:00:00+00:00,8.26,16.76,67.69
2023-06-06 09:00:00+00:00,5.9,22.17,51.71
2023-06-06 10:00:00+00:00,4.92,26.09,42.56
2023-06-06 11:00:00+00:00,4.69,28.58,36.66
2023-06-06 12:00:00+00:00,5.66,30.45,34.08
2023-06-06 13:00:00+00:00,6.55,31.14,32.94
2023-06-06 14:00:00+00:00,6.77,31.3,32.56
2023-06-06 15:00:00+00:00,7.23,31.04,32.82
2023-06-06 16:00:00+00:00,5.81,29.33,34.36
2023-06-06 17:00:00+00:00,5.61,26.62,38.83
2023-06-06 18:00:00+00:00,5.81,23.52,45.2
2023-06-06 19:00:00+00:00,7.2,20.62,51.74
2023-06-06 20:00:00+00:00,6.94,18.57,57.1
2023-06-06 21:00:00+00:00,7.62,16.93,62.09
2023-06-06 22:00:00+00:00,7.65,15.65,65.86
2023-06-06 23:00:00+00:00,8.34,14.69,69.58
2023-06-07 00:00:00+00:00,8.4,13.96,72.13
2023-06-07 01:00:00+00:00,8.16,13.26,73.95
2023-06-07 02:00:00+00:00,9.01,12.67,76.29
2023-06-07 03:00:00+00:00,8.55,12.33,78.15
2023-06-07 04:00:00+00:00,6.91,12.5,79.31
2023-06-07 05:00:00+00:00,6.0,12.97,78.18
2023-06-07 06:00:00+00:00,5.52,13.69,75.53
2023-06-07 07:00:00+00:00,5.31,14.9,70.84
2023-06-07 08:00:00+00:00,4.77,17.3,63.97
2023-06-07 09:00:00+00:00,4.34,22.12,51.55
2023-06-07 10:00:00+00:00,4.0,26.98,40.68
2023-06-07 11:00:00+00:00,4.36,30.45,34.52
2023-06-07 12:00:00+00:00,4.47,33.19,30.55
2023-06-07 13:00:00+00:00,4.58,34.58,28.58
2023-06-07 14:00:00+00:00,5.5,34.84,28.13
2023-06-07 15:00:00+00:00,5.53,33.17,30.12
2023-06-07 16:00:00+00:00,5.41,31.08,32.9
2023-06-07 17:00:00+00:00,5.72,28.53,37.18
2023-06-07 18:00:00+00:00,6.28,24.9,43.85
2023-06-07 19:00:00+00:00,6.4,21.9,50.52
2023-06-07 20:00:00+00:00,6.76,19.54,57.09
2023-06-07 21:00:00+00:00,7.24,18.0,61.9
2023-06-07 22:00:00+00:00,7.96,16.28,66.48
2023-06-07 23:00:00+00:00,10.81,15.15,71.0
2023-06-08 00:00:00+00:00,11.67,14.59,73.43
2023-06-08 01:00:00+00:00,10.85,14.01,74.56
2023-06-08 02:00:00+00:00,13.86,13.48,76.04
2023-06-08 03:00:00+00:00,16.06,12.97,78.18
2023-06-08 04:00:00+00:00,17.89,12.76,79.75
2023-06-08 05:00:00+00:00,19.2,13.04,79.73
2023-06-08 06:00:00+00:00,18.38,13.72,78.59
2023-06-08 07:00:00+00:00,14.0,14.94,74.09
2023-06-08 08:00:00+00:00,12.98,17.15,67.39
2023-06-08 09:00:00+00:00,8.14,22.29,52.68
2023-06-08 10:00:00+00:00,6.38,26.8,41.53
2023-06-08 11:00:00+00:00,6.19,30.52,35.26
2023-06-08 12:00:00+00:00,5.64,33.1,33.01
2023-06-08 13:00:00+00:00,5.47,34.3,30.76
2023-06-08 14:00:00+00:00,4.96,34.22,30.68
2023-06-08 20:00:00+00:00,4.99,21.07,53.12
2023-06-08 21:00:00+00:00,5.08,19.47,58.5
2023-06-08 22:00:00+00:00,5.02,18.09,64.69
2023-06-08 23:00:00+00:00,5.08,17.02,68.69
2023-06-09 00:00:00+00:00,5.87,16.12,71.47
2023-06-09 01:00:00+00:00,6.45,15.34,73.33
2023-06-09 03:00:00+00:00,7.05,14.55,76.55
2023-06-09 04:00:00+00:00,8.15,14.38,77.72
2023-06-09 05:00:00+00:00,9.06,14.41,79.16
2023-06-09 06:00:00+00:00,9.3,15.03,78.1
2023-06-09 07:00:00+00:00,10.44,15.95,76.81
2023-06-09 08:00:00+00:00,10.5,18.72,69.88
2023-06-09 09:00:00+00:00,10.27,24.49,54.31
2023-06-09 10:00:00+00:00,9.98,29.28,43.35
2023-06-09 11:00:00+00:00,11.19,32.99,36.04
2023-06-09 12:00:00+00:00,10.46,35.83,32.47
2023-06-09 13:00:00+00:00,8.96,37.58,29.65
2023-06-09 14:00:00+00:00,7.93,38.43,27.35
2023-06-09 15:00:00+00:00,7.54,37.62,27.39
2023-06-09 16:00:00+00:00,7.45,36.81,27.54
2023-06-09 17:00:00+00:00,7.88,35.31,28.61
2023-06-09 18:00:00+00:00,7.68,32.01,39.76
2023-06-09 19:00:00+00:00,7.67,29.27,45.38
2023-06-09 20:00:00+00:00,7.73,27.06,48.86
2023-06-09 21:00:00+00:00,7.82,25.31,51.56
2023-06-09 22:00:00+00:00,7.81,24.0,53.61
2023-06-09 23:00:00+00:00,6.81,23.02,54.27
2023-06-10 00:00:00+00:00,6.27,22.1,55.69
2023-06-10 01:00:00+00:00,6.37,21.24,56.72
2023-06-10 02:00:00+00:00,6.4,20.42,57.35
2023-06-10 03:00:00+00:00,6.52,19.79,58.55
2023-06-10 04:00:00+00:00,7.39,19.2,61.21
2023-06-10 05:00:00+00:00,8.0,18.94,64.2
2023-06-10 06:00:00+00:00,8.84,19.1,64.66
2023-06-10 07:00:00+00:00,8.67,19.68,63.18
2023-06-10 08:00:00+00:00,8.5,22.64,56.35
2023-06-10 09:00:00+00:00,7.23,28.49,43.76
2023-06-10 10:00:00+00:00,6.12,33.1,35.5
2023-06-10 11:00:00+00:00,5.63,36.11,29.71
2023-06-10 12:00:00+00:00,4.82,38.6,26.11
2023-06-10 13:00:00+00:00,4.42,39.97,24.08
2023-06-10 14:00:00+00:00,4.52,40.08,23.67
2023-06-10 15:00:00+00:00,4.48,39.54,21.88
2023-06-10 16:00:00+00:00,4.05,37.63,21.92
2023-06-10 17:00:00+00:00,3.99,35.28,22.9
2023-06-10 18:00:00+00:00,3.68,32.58,27.0
2023-06-10 19:00:00+00:00,3.8,30.3,35.09
2023-06-10 20:00:00+00:00,5.65,28.12,46.9
2023-06-10 21:00:00+00:00,6.64,25.99,55.26
2023-06-10 22:00:00+00:00,6.48,24.12,60.21
2023-06-10 23:00:00+00:00,6.5,22.92,62.97
2023-06-11 00:00:00+00:00,6.91,21.94,66.18
2023-06-11 01:00:00+00:00,7.18,21.07,70.02
2023-06-11 02:00:00+00:00,8.4,20.26,72.73
2023-06-11 03:00:00+00:00,9.49,19.57,74.18
2023-06-11 04:00:00+00:00,10.32,19.01,72.52
2023-06-11 05:00:00+00:00,11.99,18.86,73.32
2023-06-11 06:00:00+00:00,15.56,19.2,72.61
2023-06-11 07:00:00+00:00,17.09,20.25,69.62
2023-06-11 08:00:00+00:00,16.65,23.57,66.21
2023-06-11 09:00:00+00:00,12.0,30.3,46.49
2023-06-11 10:00:00+00:00,10.31,35.2,36.71
2023-06-11 11:00:00+00:00,9.57,38.27,31.19
2023-06-11 12:00:00+00:00,9.16,40.21,28.78
2023-06-11 13:00:00+00:00,8.37,41.62,26.37
2023-06-11 14:00:00+00:00,6.95,41.96,25.06
2023-06-11 15:00:00+00:00,5.48,40.06,23.54
2023-06-11 16:00:00+00:00,5.95,37.42,25.79
2023-06-11 17:00:00+00:00,15.59,36.81,26.12
2023-06-11 18:00:00+00:00,7.39,34.79,31.09
2023-06-11 19:00:00+00:00,8.47,32.69,35.87
2023-06-11 20:00:00+00:00,10.29,30.59,40.73
2023-06-11 21:00:00+00:00,11.68,28.51,45.6
2023-06-11 22:00:00+00:00,10.67,27.0,46.62
2023-06-11 23:00:00+00:00,10.29,25.44,47.45
2023-06-12 00:00:00+00:00,9.53,24.26,46.81
2023-06-12 01:00:00+00:00,8.38,23.3,49.49
2023-06-12 02:00:00+00:00,8.16,22.33,50.6
2023-06-12 03:00:00+00:00,8.65,21.41,53.78
2023-06-12 04:00:00+00:00,9.14,20.57,57.56
2023-06-12 05:00:00+00:00,9.45,20.12,60.72
2023-06-12 06:00:00+00:00,10.36,20.31,62.1
2023-06-12 07:00:00+00:00,10.65,20.97,60.65
2023-06-12 08:00:00+00:00,10.66,24.09,53.94
2023-06-12 09:00:00+00:00,8.34,30.54,39.33
2023-06-12 10:00:00+00:00,7.31,35.51,31.21
2023-06-12 11:00:00+00:00,6.69,38.94,23.67
2023-06-12 12:00:00+00:00,6.25,40.97,20.18
2023-06-12 13:00:00+00:00,6.05,41.93,18.83
2023-06-12 14:00:00+00:00,5.35,40.97,18.8
2023-06-12 15:00:00+00:00,5.35,40.51,19.6
2023-06-12 16:00:00+00:00,5.32,38.99,21.99
2023-06-12 17:00:00+00:00,4.94,36.28,26.64
2023-06-12 18:00:00+00:00,5.85,32.62,34.52
2023-06-12 19:00:00+00:00,7.24,30.53,39.45
2023-06-12 20:00:00+00:00,10.41,28.46,46.99
2023-06-12 21:00:00+00:00,12.31,26.72,53.33
2023-06-12 22:00:00+00:00,10.13,25.28,45.9
2023-06-12 23:00:00+00:00,7.92,24.1,43.67
2023-06-13 00:00:00+00:00,6.96,23.08,44.39
2023-06-13 01:00:00+00:00,6.17,22.07,47.84
2023-06-13 02:00:00+00:00,6.92,21.23,50.03
2023-06-13 03:00:00+00:00,7.37,20.54,53.68
2023-06-13 04:00:00+00:00,8.34,19.84,57.08
2023-06-13 05:00:00+00:00,8.49,19.46,58.26
2023-06-13 06:00:00+00:00,9.15,19.54,57.36
2023-06-13 07:00:00+00:00,9.1,20.19,55.34
2023-06-13 08:00:00+00:00,8.59,23.44,49.11
2023-06-13 09:00:00+00:00,8.16,29.6,38.39
2023-06-13 10:00:00+00:00,8.02,34.04,31.57
2023-06-13 11:00:00+00:00,6.54,36.34,27.77
2023-06-13 12:00:00+00:00,5.83,38.42,22.86
2023-06-13 13:00:00+00:00,5.72,39.37,19.62
2023-06-13 14:00:00+00:00,5.44,39.38,19.22
2023-06-13 15:00:00+00:00,4.71,38.29,20.68
2023-06-13 16:00:00+00:00,4.07,35.53,25.01
2023-06-13 17:00:00+00:00,3.78,33.22,29.15
2023-06-13 18:00:00+00:00,4.07,30.08,35.6
2023-06-13 19:00:00+00:00,4.11,27.63,41.67
2023-06-13 20:00:00+00:00,4.12,25.93,45.39
2023-06-13 21:00:00+00:00,4.56,24.36,47.97
2023-06-13 22:00:00+00:00,4.72,22.97,53.21
2023-06-13 23:00:00+00:00,5.03,21.82,58.07
2023-06-14 00:00:00+00:00,5.44,20.76,60.78
2023-06-14 01:00:00+00:00,5.12,19.92,61.77
2023-06-14 02:00:00+00:00,5.51,19.06,62.9
2023-06-14 03:00:00+00:00,4.96,18.3,63.74
2023-06-14 04:00:00+00:00,4.93,17.81,64.59
2023-06-14 05:00:00+00:00,4.95,17.45,67.19
2023-06-14 06:00:00+00:00,4.5,17.68,64.5
2023-06-14 07:00:00+00:00,4.89,18.37,61.25
2023-06-14 08:00:00+00:00,5.03,21.18,54.05
2023-06-14 09:00:00+00:00,4.28,27.06,38.72
2023-06-14 10:00:00+00:00,2.89,31.33,30.77
2023-06-14 11:00:00+00:00,2.56,34.98,25.26
2023-06-14 12:00:00+00:00,2.41,36.72,22.77
2023-06-14 13:00:00+00:00,2.39,37.69,21.96
2023-06-14 14:00:00+00:00,1.95,37.6,21.28
2023-06-14 15:00:00+00:00,2.03,37.2,20.34
2023-06-14 16:00:00+00:00,1.94,35.76,21.6
2023-06-14 17:00:00+00:00,2.24,34.18,23.73
2023-06-14 18:00:00+00:00,2.58,31.58,27.37
2023-06-14 19:00:00+00:00,2.34,29.29,32.16
2023-06-14 20:00:00+00:00,2.51,27.37,37.03
2023-06-14 21:00:00+00:00,3.29,25.32,46.93
2023-06-14 22:00:00+00:00,4.61,23.45,56.07
2023-06-14 23:00:00+00:00,4.77,22.29,59.36
2023-06-15 00:00:00+00:00,4.58,21.52,60.24
2023-06-15 01:00:00+00:00,4.72,20.66,62.14
2023-06-15 02:00:00+00:00,5.03,19.75,64.86
2023-06-15 03:00:00+00:00,5.57,18.97,68.0
2023-06-15 04:00:00+00:00,6.38,18.3,70.82
2023-06-15 05:00:00+00:00,6.71,18.04,73.34
2023-06-15 06:00:00+00:00,7.28,18.36,74.05
2023-06-15 07:00:00+00:00,8.17,19.1,74.76
2023-06-15 08:00:00+00:00,6.92,22.19,65.64
2023-06-15 09:00:00+00:00,5.05,28.19,43.08
2023-06-15 10:00:00+00:00,3.92,33.19,29.94
2023-06-15 11:00:00+00:00,3.48,36.09,24.3
2023-06-15 12:00:00+00:00,3.49,38.33,21.16
2023-06-15 13:00:00+00:00,3.34,39.23,19.15
2023-06-15 14:00:00+00:00,3.41,39.52,19.21
2023-06-15 15:00:00+00:00,3.5,38.97,20.17
2023-06-15 16:00:00+00:00,3.54,36.1,22.25
2023-06-15 17:00:00+00:00,3.71,33.69,24.89
2023-06-15 18:00:00+00:00,4.06,30.49,26.2
2023-06-15 19:00:00+00:00,4.6,28.25,36.74
2023-06-15 20:00:00+00:00,4.89,26.31,42.9
2023-06-15 21:00:00+00:00,5.79,24.58,48.9
2023-06-15 22:00:00+00:00,6.04,23.35,53.05
2023-06-15 23:00:00+00:00,,,57.62
2023-06-16 00:00:00+00:00,7.01,20.76,60.44
2023-06-16 01:00:00+00:00,7.45,19.83,62.31
2023-06-16 02:00:00+00:00,8.13,18.93,66.01
2023-06-16 03:00:00+00:00,8.74,18.15,68.19
2023-06-16 04:00:00+00:00,9.33,17.43,69.88
2023-06-16 05:00:00+00:00,9.82,17.24,70.68
2023-06-16 06:00:00+00:00,11.72,17.6,72.53
2023-06-16 07:00:00+00:00,10.13,18.47,70.2
2023-06-16 08:00:00+00:00,6.21,21.63,55.94
2023-06-16 09:00:00+00:00,4.23,28.36,34.86
2023-06-16 10:00:00+00:00,4.18,32.95,24.84
2023-06-16 11:00:00+00:00,4.31,35.82,22.19
2023-06-16 12:00:00+00:00,4.18,36.13,19.59
2023-06-16 13:00:00+00:00,3.7,36.61,18.59
2023-06-16 14:00:00+00:00,3.86,36.25,18.26
2023-06-16 15:00:00+00:00,3.54,35.43,18.36
2023-06-16 16:00:00+00:00,3.74,33.47,20.04
2023-06-16 17:00:00+00:00,3.45,31.54,21.08
2023-06-16 18:00:00+00:00,3.13,29.04,22.69
2023-06-16 19:00:00+00:00,3.69,26.69,26.69
2023-06-16 20:00:00+00:00,4.11,24.69,30.47
2023-06-16 21:00:00+00:00,6.98,22.9,36.62
2023-06-16 22:00:00+00:00,8.5,21.42,43.06
2023-06-16 23:00:00+00:00,10.88,20.25,49.08
2023-06-17 00:00:00+00:00,14.92,18.88,59.83
2023-06-17 01:00:00+00:00,17.6,17.93,66.49
2023-06-17 02:00:00+00:00,22.28,17.1,71.36
2023-06-17 03:00:00+00:00,23.06,16.48,74.58
2023-06-17 04:00:00+00:00,23.85,16.05,76.33
2023-06-17 05:00:00+00:00,26.34,15.79,79.92
2023-06-17 06:00:00+00:00,25.04,16.22,83.31
2023-06-17 07:00:00+00:00,14.63,17.05,75.82
2023-06-17 08:00:00+00:00,9.02,19.73,61.43
2023-06-17 09:00:00+00:00,6.35,25.8,42.61
2023-06-17 10:00:00+00:00,5.51,30.19,31.75
2023-06-17 11:00:00+00:00,5.51,33.26,26.93
2023-06-17 12:00:00+00:00,5.68,35.38,24.2
2023-06-17 13:00:00+00:00,5.56,36.84,23.12
2023-06-17 14:00:00+00:00,5.0,37.75,21.81
2023-06-17 15:00:00+00:00,4.71,36.98,21.74
2023-06-17 16:00:00+00:00,5.62,36.24,23.8
2023-06-17 17:00:00+00:00,6.18,34.41,31.23
2023-06-17 18:00:00+00:00,7.1,32.21,39.42
2023-06-17 19:00:00+00:00,7.59,30.09,45.03
2023-06-17 20:00:00+00:00,9.1,27.98,48.55
2023-06-17 21:00:00+00:00,9.18,26.17,50.54
2023-06-17 22:00:00+00:00,9.93,25.0,55.35
2023-06-17 23:00:00+00:00,11.95,24.17,61.44
2023-06-18 00:00:00+00:00,12.72,23.64,63.86
2023-06-18 01:00:00+00:00,13.07,23.18,65.26
2023-06-18 02:00:00+00:00,14.43,22.37,66.93
2023-06-18 03:00:00+00:00,14.26,21.59,67.06
2023-06-18 04:00:00+00:00,13.71,21.05,66.91
2023-06-18 05:00:00+00:00,12.74,20.74,68.21
2023-06-18 06:00:00+00:00,10.57,21.18,66.62
2023-06-18 07:00:00+00:00,10.83,22.39,62.93
2023-06-18 08:00:00+00:00,10.11,24.15,53.68
2023-06-18 09:00:00+00:00,10.01,26.02,45.24
2023-06-18 10:00:00+00:00,10.23,29.07,38.16
2023-06-18 11:00:00+00:00,10.21,30.35,36.29
2023-06-18 12:00:00+00:00,11.1,31.01,38.23
2023-06-18 13:00:00+00:00,11.31,30.6,39.29
2023-06-18 14:00:00+00:00,12.17,30.08,39.11
2023-06-18 15:00:00+00:00,9.64,29.24,38.26
2023-06-18 16:00:00+00:00,10.8,28.93,39.78
2023-06-18 17:00:00+00:00,10.76,28.99,39.14
2023-06-18 18:00:00+00:00,9.09,28.31,40.72
2023-06-18 19:00:00+00:00,6.51,27.35,43.17
2023-06-18 20:00:00+00:00,7.97,26.54,46.02
2023-06-18 21:00:00+00:00,9.46,25.44,49.14
2023-06-18 22:00:00+00:00,11.53,24.62,50.11
2023-06-18 23:00:00+00:00,12.03,24.09,54.18
2023-06-19 00:00:00+00:00,13.1,23.62,55.73
2023-06-19 01:00:00+00:00,12.61,23.29,55.69
2023-06-19 02:00:00+00:00,3.59,22.3,62.47
2023-06-19 03:00:00+00:00,9.82,21.51,69.07
2023-06-19 04:00:00+00:00,23.94,21.3,72.86
2023-06-19 05:00:00+00:00,37.79,20.34,76.39
2023-06-19 06:00:00+00:00,20.36,19.64,77.79
2023-06-19 07:00:00+00:00,20.44,19.49,75.38
2023-06-19 08:00:00+00:00,20.65,19.42,73.75
2023-06-19 09:00:00+00:00,19.9,19.84,71.44
2023-06-19 10:00:00+00:00,17.13,21.3,65.72
2023-06-19 11:00:00+00:00,11.26,24.11,55.92
2023-06-19 12:00:00+00:00,8.34,27.6,47.06
2023-06-19 13:00:00+00:00,6.91,30.4,40.52
2023-06-19 14:00:00+00:00,6.03,31.12,37.11
2023-06-19 15:00:00+00:00,5.54,31.19,35.57
2023-06-19 16:00:00+00:00,5.14,30.05,36.05
2023-06-19 17:00:00+00:00,5.6,28.91,36.56
2023-06-19 18:00:00+00:00,5.34,27.26,39.43
2023-06-19 19:00:00+00:00,5.67,25.8,43.1
2023-06-19 20:00:00+00:00,7.47,24.77,51.22
2023-06-19 21:00:00+00:00,7.47,23.7,54.09
2023-06-19 22:00:00+00:00,8.95,22.63,57.28
2023-06-19 23:00:00+00:00,8.97,22.03,59.78
2023-06-20 00:00:00+00:00,8.09,21.61,62.35
2023-06-20 01:00:00+00:00,8.82,21.32,65.82
2023-06-20 02:00:00+00:00,8.43,21.17,65.74
2023-06-20 03:00:00+00:00,9.15,20.9,66.52
2023-06-20 04:00:00+00:00,10.56,20.58,66.27
2023-06-20 05:00:00+00:00,11.88,20.63,67.04
2023-06-20 06:00:00+00:00,13.68,21.19,66.08
2023-06-20 07:00:00+00:00,13.81,22.53,63.55
2023-06-20 08:00:00+00:00,14.16,24.65,59.14
2023-06-20 09:00:00+00:00,13.61,29.32,47.66
2023-06-20 10:00:00+00:00,13.31,34.16,37.68
2023-06-20 11:00:00+00:00,13.09,37.53,32.44
2023-06-20 12:00:00+00:00,8.52,39.68,28.23
2023-06-20 13:00:00+00:00,6.4,39.74,28.67
2023-06-20 14:00:00+00:00,5.97,38.39,30.5
2023-06-20 15:00:00+00:00,4.51,35.76,33.47
2023-06-20 16:00:00+00:00,6.16,29.89,52.81
2023-06-20 17:00:00+00:00,4.91,25.84,67.48
2023-06-20 18:00:00+00:00,6.06,25.23,70.47
2023-06-20 19:00:00+00:00,5.61,24.51,72.57
2023-06-20 20:00:00+00:00,6.72,23.61,75.21
2023-06-20 21:00:00+00:00,8.14,22.72,77.74
2023-06-20 22:00:00+00:00,12.72,22.14,79.86
2023-06-20 23:00:00+00:00,19.11,21.53,80.71
2023-06-21 00:00:00+00:00,26.4,20.82,83.42
2023-06-21 01:00:00+00:00,31.22,20.21,84.61
2023-06-21 02:00:00+00:00,22.17,19.46,83.05
2023-06-21 03:00:00+00:00,9.95,18.68,82.11
2023-06-21 04:00:00+00:00,7.27,18.3,83.35
2023-06-21 05:00:00+00:00,6.04,18.51,83.83
2023-06-21 06:00:00+00:00,7.36,19.15,84.12
2023-06-21 07:00:00+00:00,6.28,19.45,82.54
2023-06-21 08:00:00+00:00,4.14,21.01,75.91
2023-06-21 09:00:00+00:00,3.41,24.93,61.85
2023-06-21 10:00:00+00:00,3.09,28.43,51.53
2023-06-21 11:00:00+00:00,4.77,29.3,49.06
2023-06-21 12:00:00+00:00,5.94,29.21,48.39
2023-06-21 13:00:00+00:00,5.68,29.43,46.59
2023-06-21 14:00:00+00:00,3.81,29.71,44.89
2023-06-21 15:00:00+00:00,2.31,30.15,41.89
2023-06-21 16:00:00+00:00,2.62,29.65,42.86
2023-06-21 17:00:00+00:00,3.39,28.06,45.97
2023-06-21 18:00:00+00:00,3.57,26.13,49.33
2023-06-21 19:00:00+00:00,3.34,24.81,51.64
2023-06-21 20:00:00+00:00,5.09,23.65,55.69
2023-06-21 21:00:00+00:00,11.04,22.5,64.14
2023-06-21 22:00:00+00:00,16.3,21.48,68.53
2023-06-21 23:00:00+00:00,22.13,20.75,71.51
2023-06-22 00:00:00+00:00,31.03,20.0,75.06
2023-06-22 01:00:00+00:00,30.42,19.44,77.22
2023-06-22 02:00:00+00:00,27.28,18.96,78.66
2023-06-22 03:00:00+00:00,30.07,18.47,79.6
2023-06-22 04:00:00+00:00,29.89,17.99,80.92
2023-06-22 05:00:00+00:00,35.47,17.98,81.99
2023-06-22 06:00:00+00:00,35.2,18.94,84.29
2023-06-22 07:00:00+00:00,32.74,20.58,82.64
2023-06-22 08:00:00+00:00,28.09,22.9,73.07
2023-06-22 09:00:00+00:00,21.14,27.17,58.92
2023-06-22 10:00:00+00:00,14.55,30.47,48.9
2023-06-22 11:00:00+00:00,10.44,31.67,44.77
2023-06-22 12:00:00+00:00,10.97,30.85,45.37
2023-06-22 13:00:00+00:00,11.33,29.56,47.53
2023-06-22 14:00:00+00:00,10.05,27.88,50.68
2023-06-22 15:00:00+00:00,8.04,26.85,52.8
2023-06-22 16:00:00+00:00,6.16,25.77,55.33
2023-06-22 17:00:00+00:00,3.59,24.74,55.02
2023-06-22 18:00:00+00:00,2.35,24.03,54.3
2023-06-22 19:00:00+00:00,3.44,23.32,57.26
2023-06-22 21:00:00+00:00,5.8,21.32,64.96
2023-06-22 22:00:00+00:00,8.42,20.39,67.75
2023-06-22 23:00:00+00:00,7.95,19.7,68.91
2023-06-23 00:00:00+00:00,18.63,19.04,75.06
2023-06-23 01:00:00+00:00,25.41,18.45,77.54
2023-06-23 02:00:00+00:00,26.2,18.09,81.91
2023-06-23 03:00:00+00:00,26.46,17.93,83.85
2023-06-23 04:00:00+00:00,33.37,17.92,84.71
2023-06-23 05:00:00+00:00,28.51,18.03,84.52
2023-06-23 06:00:00+00:00,22.05,18.6,82.77
2023-06-23 07:00:00+00:00,13.39,19.21,79.67
2023-06-23 08:00:00+00:00,10.05,21.32,71.18
2023-06-23 09:00:00+00:00,6.59,26.07,51.19
2023-06-23 10:00:00+00:00,5.03,29.89,38.78
2023-06-23 11:00:00+00:00,4.03,32.37,32.44
2023-06-23 12:00:00+00:00,3.61,33.16,30.65
2023-06-23 13:00:00+00:00,3.56,32.44,30.61
2023-06-23 14:00:00+00:00,3.62,31.76,32.27
2023-06-23 15:00:00+00:00,3.36,32.06,30.44
2023-06-23 16:00:00+00:00,4.05,31.34,30.97
2023-06-23 17:00:00+00:00,3.81,30.13,32.92
2023-06-23 18:00:00+00:00,3.7,28.6,36.87
2023-06-23 19:00:00+00:00,3.44,27.18,41.41
2023-06-23 20:00:00+00:00,3.58,26.24,44.57
2023-06-23 21:00:00+00:00,4.49,25.37,48.62
2023-06-23 22:00:00+00:00,5.52,24.19,51.61
2023-06-23 23:00:00+00:00,8.74,22.93,56.44
2023-06-24 00:00:00+00:00,6.73,21.85,59.97
2023-06-24 01:00:00+00:00,6.97,20.89,63.43
2023-06-24 02:00:00+00:00,6.51,20.0,64.56
2023-06-24 03:00:00+00:00,6.41,19.37,66.12
2023-06-24 04:00:00+00:00,6.74,19.11,67.95
2023-06-24 05:00:00+00:00,6.75,18.96,69.24
2023-06-24 06:00:00+00:00,6.49,19.2,71.36
2023-06-24 07:00:00+00:00,7.08,19.94,71.41
2023-06-24 08:00:00+00:00,6.8,22.5,66.75
2023-06-24 09:00:00+00:00,5.63,28.4,50.61
2023-06-24 10:00:00+00:00,4.55,32.33,40.38
2023-06-24 11:00:00+00:00,4.66,34.65,34.62
2023-06-24 12:00:00+00:00,4.56,35.58,33.21
2023-06-24 13:00:00+00:00,4.79,35.2,32.98
2023-06-24 14:00:00+00:00,5.07,35.92,31.36
2023-06-24 15:00:00+00:00,6.22,34.92,32.55
2023-06-24 16:00:00+00:00,5.0,33.68,34.74
2023-06-24 17:00:00+00:00,4.93,32.71,35.82
2023-06-24 18:00:00+00:00,4.79,30.67,39.32
2023-06-24 19:00:00+00:00,4.81,29.37,41.75
2023-06-24 20:00:00+00:00,5.37,28.27,47.41
2023-06-24 21:00:00+00:00,7.92,26.62,53.81
2023-06-24 22:00:00+00:00,12.32,25.05,59.96
2023-06-24 23:00:00+00:00,13.81,23.96,64.53
2023-06-25 00:00:00+00:00,14.42,23.18,67.11
2023-06-25 01:00:00+00:00,13.83,22.53,70.25
2023-06-25 02:00:00+00:00,11.38,21.94,72.05
2023-06-25 03:00:00+00:00,10.4,21.36,72.34
2023-06-25 04:00:00+00:00,10.88,21.0,73.39
2023-06-25 05:00:00+00:00,11.88,20.88,75.31
2023-06-25 06:00:00+00:00,13.07,21.2,75.8
2023-06-25 07:00:00+00:00,12.79,22.02,73.04
2023-06-25 08:00:00+00:00,8.72,25.4,58.18
2023-06-25 09:00:00+00:00,5.36,31.98,36.29
2023-06-25 10:00:00+00:00,4.18,36.06,28.01
2023-06-25 11:00:00+00:00,3.96,38.5,24.52
2023-06-25 12:00:00+00:00,4.0,41.1,22.88
2023-06-25 13:00:00+00:00,4.05,42.1,22.69
2023-06-25 14:00:00+00:00,4.7,41.45,22.19
2023-06-25 15:00:00+00:00,4.97,40.42,23.56
2023-06-25 16:00:00+00:00,4.58,38.79,24.08
2023-06-25 17:00:00+00:00,5.35,37.19,25.82
2023-06-25 18:00:00+00:00,5.52,35.52,28.78
2023-06-25 19:00:00+00:00,5.23,34.09,33.43
2023-06-25 20:00:00+00:00,5.62,32.35,38.31
2023-06-25 21:00:00+00:00,7.55,30.43,43.08
2023-06-25 22:00:00+00:00,7.28,28.83,48.76
2023-06-25 23:00:00+00:00,11.01,27.52,52.23
2023-06-26 00:00:00+00:00,8.37,26.49,52.25
2023-06-26 01:00:00+00:00,7.35,25.12,53.66
2023-06-26 02:00:00+00:00,7.53,23.07,62.08
2023-06-26 03:00:00+00:00,8.23,21.87,67.23
2023-06-26 04:00:00+00:00,6.17,21.47,67.72
2023-06-26 05:00:00+00:00,5.03,20.83,69.01
2023-06-26 06:00:00+00:00,4.3,20.6,69.2
2023-06-26 07:00:00+00:00,4.25,20.72,68.81
2023-06-26 08:00:00+00:00,3.18,21.66,63.29
2023-06-26 09:00:00+00:00,2.77,22.85,56.52
2023-06-26 10:00:00+00:00,2.65,25.94,46.55
2023-06-26 11:00:00+00:00,2.68,26.76,44.68
2023-06-26 12:00:00+00:00,2.4,26.05,45.44
2023-06-26 13:00:00+00:00,2.17,25.89,44.96
2023-06-26 14:00:00+00:00,1.97,26.7,41.6
2023-06-26 15:00:00+00:00,2.16,26.71,40.58
2023-06-26 16:00:00+00:00,1.91,26.79,37.16
2023-06-26 17:00:00+00:00,1.99,25.94,37.92
2023-06-26 18:00:00+00:00,1.93,23.92,42.34
2023-06-26 19:00:00+00:00,1.89,22.6,43.12
2023-06-26 20:00:00+00:00,2.06,21.62,48.5
2023-06-26 21:00:00+00:00,2.38,20.62,54.68
2023-06-26 22:00:00+00:00,3.68,19.79,62.37
2023-06-26 23:00:00+00:00,4.46,19.33,67.36
2023-06-27 00:00:00+00:00,5.09,18.81,70.15
2023-06-27 01:00:00+00:00,4.92,18.63,71.47
2023-06-27 02:00:00+00:00,5.14,18.06,73.01
2023-06-27 03:00:00+00:00,4.41,17.49,73.5
2023-06-27 04:00:00+00:00,3.04,17.03,72.77
2023-06-27 05:00:00+00:00,2.31,17.33,69.47
2023-06-27 06:00:00+00:00,2.49,17.93,69.66
2023-06-27 07:00:00+00:00,2.23,18.54,63.59
2023-06-27 08:00:00+00:00,1.82,20.78,51.96
2023-06-27 09:00:00+00:00,1.76,22.32,47.67
2023-06-27 10:00:00+00:00,1.79,22.68,48.27
2023-06-27 11:00:00+00:00,2.15,23.28,47.72
2023-06-27 12:00:00+00:00,2.12,25.63,41.65
2023-06-27 13:00:00+00:00,1.89,26.9,38.08
2023-06-27 14:00:00+00:00,1.99,26.48,39.0
2023-06-27 15:00:00+00:00,1.83,27.17,36.86
2023-06-27 16:00:00+00:00,2.09,26.35,38.57
2023-06-27 17:00:00+00:00,2.19,24.77,41.93
2023-06-27 18:00:00+00:00,2.21,23.49,45.11
2023-06-27 19:00:00+00:00,2.01,22.4,47.1
2023-06-27 20:00:00+00:00,2.61,21.1,56.65
2023-06-27 21:00:00+00:00,3.57,20.0,66.16
2023-06-27 22:00:00+00:00,4.01,19.12,71.66
2023-06-27 23:00:00+00:00,3.52,18.45,73.95
2023-06-28 00:00:00+00:00,3.87,18.08,75.17
2023-06-28 01:00:00+00:00,3.14,17.84,75.22
2023-06-28 02:00:00+00:00,2.99,17.49,75.87
2023-06-28 03:00:00+00:00,3.26,17.1,78.02
2023-06-28 04:00:00+00:00,4.67,16.99,79.06
2023-06-28 05:00:00+00:00,7.02,17.05,81.65
2023-06-28 06:00:00+00:00,10.66,17.33,83.08
2023-06-28 07:00:00+00:00,12.07,17.88,84.08
2023-06-28 08:00:00+00:00,13.54,18.64,83.59
2023-06-28 09:00:00+00:00,12.17,19.32,81.57
2023-06-28 10:00:00+00:00,15.5,20.46,79.65
2023-06-28 11:00:00+00:00,15.36,21.52,76.37
2023-06-28 12:00:00+00:00,14.15,23.11,70.85
2023-06-28 13:00:00+00:00,13.35,24.62,64.27
2023-06-28 14:00:00+00:00,13.08,26.57,57.7
2023-06-28 15:00:00+00:00,12.7,26.16,57.9
2023-06-28 16:00:00+00:00,12.36,26.32,57.38
2023-06-28 17:00:00+00:00,8.38,26.16,55.52
2023-06-28 18:00:00+00:00,5.84,25.33,56.05
2023-06-28 19:00:00+00:00,7.48,24.19,59.67
2023-06-28 20:00:00+00:00,8.73,23.52,62.17
2023-06-28 21:00:00+00:00,11.35,23.09,63.98
2023-06-28 22:00:00+00:00,13.3,22.36,66.97
2023-06-28 23:00:00+00:00,14.91,22.03,69.09
2023-06-29 00:00:00+00:00,15.06,21.74,70.3
2023-06-29 01:00:00+00:00,14.87,21.4,71.01
2023-06-29 02:00:00+00:00,18.2,20.99,73.5
2023-06-29 03:00:00+00:00,19.25,20.75,76.01
2023-06-29 04:00:00+00:00,22.05,20.54,78.87
2023-06-29 05:00:00+00:00,24.2,20.47,79.97
2023-06-29 06:00:00+00:00,26.19,20.56,81.73
2023-06-29 07:00:00+00:00,27.89,20.87,80.18
2023-06-29 08:00:00+00:00,27.89,21.24,77.12
2023-06-29 09:00:00+00:00,25.62,21.83,76.62
2023-06-29 10:00:00+00:00,20.74,22.95,72.7
2023-06-29 11:00:00+00:00,20.5,23.54,69.73
2023-06-29 12:00:00+00:00,19.79,23.19,69.21
2023-06-29 13:00:00+00:00,13.93,23.67,64.63
2023-06-29 14:00:00+00:00,9.54,22.47,67.39
2023-06-29 15:00:00+00:00,2.01,21.26,71.53
2023-06-29 16:00:00+00:00,1.43,20.03,73.02
2023-06-29 17:00:00+00:00,2.24,19.15,74.19
2023-06-29 18:00:00+00:00,2.25,18.92,69.62
2023-06-29 19:00:00+00:00,3.64,19.23,69.87
2023-06-29 20:00:00+00:00,3.45,18.89,69.39
2023-06-29 21:00:00+00:00,2.89,18.1,68.9
2023-06-29 22:00:00+00:00,2.29,16.97,68.52
2023-06-29 23:00:00+00:00,2.45,15.99,71.81
2023-06-30 00:00:00+00:00,2.62,15.18,73.83
2023-06-30 01:00:00+00:00,2.86,14.52,75.25
2023-06-30 02:00:00+00:00,3.21,13.95,77.06
2023-06-30 03:00:00+00:00,2.5,13.54,78.04
2023-06-30 04:00:00+00:00,2.59,13.43,79.76
2023-06-30 05:00:00+00:00,3.59,13.6,81.23
2023-06-30 06:00:00+00:00,3.19,14.45,81.59
2023-06-30 07:00:00+00:00,2.96,16.17,77.56
2023-06-30 08:00:00+00:00,2.2,18.89,62.9
2023-06-30 09:00:00+00:00,1.95,22.08,52.58
2023-06-30 10:00:00+00:00,2.03,23.51,46.83
2023-06-30 11:00:00+00:00,2.13,25.73,44.3
2023-06-30 12:00:00+00:00,2.14,26.92,41.39
2023-06-30 13:00:00+00:00,2.49,27.67,39.0
2023-06-30 14:00:00+00:00,2.81,27.92,37.02
2023-06-30 15:00:00+00:00,2.13,26.75,38.1
2023-06-30 16:00:00+00:00,2.0,25.23,39.85
2023-06-30 17:00:00+00:00,2.09,23.31,42.89
2023-06-30 18:00:00+00:00,2.58,22.0,47.31
2023-06-30 19:00:00+00:00,3.74,20.8,56.36
2023-06-30 20:00:00+00:00,3.67,19.94,59.71
2023-06-30 21:00:00+00:00,3.6,19.68,61.64
2023-06-30 22:00:00+00:00,4.12,19.55,65.98
2023-06-30 23:00:00+00:00,4.36,18.56,75.52
2023-07-01 00:00:00+00:00,4.29,17.7,79.86
2023-07-01 01:00:00+00:00,5.26,17.47,82.22
2023-07-01 02:00:00+00:00,9.57,17.22,83.9
2023-07-01 03:00:00+00:00,,17.2,85.02
2023-07-01 04:00:00+00:00,10.8,17.33,86.03
2023-07-01 05:00:00+00:00,4.94,17.52,86.71
2023-07-01 06:00:00+00:00,2.17,17.85,87.54
2023-07-01 07:00:00+00:00,1.61,18.21,88.38
2023-07-01 08:00:00+00:00,0.88,18.67,87.91
2023-07-01 09:00:00+00:00,1.5,18.99,87.09
2023-07-01 10:00:00+00:00,5.34,19.17,86.55
2023-07-01 11:00:00+00:00,6.49,19.32,85.4
2023-07-01 12:00:00+00:00,6.48,19.66,82.23
2023-07-01 13:00:00+00:00,4.61,19.44,81.16
2023-07-01 14:00:00+00:00,3.29,19.8,76.11
2023-07-01 15:00:00+00:00,2.63,20.83,69.58
2023-07-01 16:00:00+00:00,2.5,20.91,66.51
2023-07-01 17:00:00+00:00,5.72,20.04,72.79
2023-07-01 18:00:00+00:00,4.94,19.3,76.91
2023-07-01 19:00:00+00:00,3.29,19.12,76.05
2023-07-01 20:00:00+00:00,3.09,18.73,75.32
2023-07-01 21:00:00+00:00,3.28,18.18,75.75
2023-07-01 22:00:00+00:00,3.31,18.0,76.2
2023-07-01 23:00:00+00:00,5.35,18.02,68.1
2023-07-02 00:00:00+00:00,9.1,17.66,62.07
2023-07-02 01:00:00+00:00,10.25,17.13,61.53
2023-07-02 02:00:00+00:00,10.44,16.51,63.43
2023-07-02 03:00:00+00:00,10.63,16.12,65.95
2023-07-02 04:00:00+00:00,11.17,15.75,68.82
2023-07-02 05:00:00+00:00,10.33,15.74,70.24
2023-07-02 06:00:00+00:00,9.04,16.26,68.89
2023-07-02 07:00:00+00:00,8.11,16.85,67.09
2023-07-02 08:00:00+00:00,8.58,18.19,63.66
2023-07-02 09:00:00+00:00,6.96,20.19,56.9
2023-07-02 10:00:00+00:00,5.9,21.07,53.12
2023-07-02 11:00:00+00:00,6.08,22.8,48.37
2023-07-02 12:00:00+00:00,6.2,24.34,42.31
2023-07-02 13:00:00+00:00,5.6,25.51,39.65
2023-07-02 14:00:00+00:00,5.9,25.1,38.44
2023-07-02 15:00:00+00:00,5.68,25.44,37.34
2023-07-02 16:00:00+00:00,6.44,23.49,39.57
2023-07-02 17:00:00+00:00,8.64,22.26,45.47
2023-07-02 18:00:00+00:00,8.39,21.16,50.85
2023-07-02 19:00:00+00:00,7.27,20.21,55.04
2023-07-02 20:00:00+00:00,7.67,19.58,60.55
2023-07-02 21:00:00+00:00,7.91,19.01,64.24
2023-07-02 22:00:00+00:00,7.47,18.65,66.53
2023-07-02 23:00:00+00:00,6.72,18.4,65.39
2023-07-03 00:00:00+00:00,7.57,18.21,68.23
2023-07-03 01:00:00+00:00,7.12,18.1,66.01
2023-07-03 02:00:00+00:00,3.23,17.94,52.23
2023-07-03 03:00:00+00:00,2.95,17.61,52.68
2023-07-03 04:00:00+00:00,3.22,17.04,57.2
2023-07-03 05:00:00+00:00,3.71,16.6,61.59
2023-07-03 06:00:00+00:00,3.31,16.68,62.26
2023-07-03 07:00:00+00:00,2.99,17.14,61.11
2023-07-03 08:00:00+00:00,2.79,18.5,56.61
2023-07-03 09:00:00+00:00,2.12,21.04,48.22
2023-07-03 10:00:00+00:00,2.91,21.09,49.0
2023-07-03 11:00:00+00:00,2.51,21.88,47.16
2023-07-03 12:00:00+00:00,2.41,22.52,45.4
2023-07-03 13:00:00+00:00,3.26,19.78,59.6
2023-07-03 14:00:00+00:00,3.02,20.71,50.02
2023-07-03 15:00:00+00:00,2.62,22.17,43.06
2023-07-03 16:00:00+00:00,3.18,21.9,46.43
2023-07-03 17:00:00+00:00,4.34,20.85,53.64
2023-07-03 18:00:00+00:00,5.75,19.52,59.95
2023-07-03 19:00:00+00:00,6.58,17.79,72.76
2023-07-03 20:00:00+00:00,5.45,16.81,77.67
2023-07-03 21:00:00+00:00,3.74,16.21,75.0
2023-07-03 22:00:00+00:00,3.18,16.45,73.03
2023-07-03 23:00:00+00:00,2.96,16.04,77.22
2023-07-04 00:00:00+00:00,2.06,15.79,70.89
2023-07-04 01:00:00+00:00,1.4,15.6,70.97
2023-07-04 02:00:00+00:00,1.34,15.24,71.41
2023-07-04 03:00:00+00:00,1.64,15.14,69.03
2023-07-04 04:00:00+00:00,1.69,15.09,66.07
2023-07-04 05:00:00+00:00,2.25,15.27,66.21
2023-07-04 06:00:00+00:00,3.04,15.5,67.29
2023-07-04 07:00:00+00:00,3.58,16.57,65.15
2023-07-04 08:00:00+00:00,3.49,17.86,62.86
2023-07-04 09:00:00+00:00,3.31,19.28,57.25
2023-07-04 10:00:00+00:00,3.64,20.91,53.19
2023-07-04 11:00:00+00:00,3.59,22.32,49.18
2023-07-04 12:00:00+00:00,3.33,21.62,49.79
2023-07-04 13:00:00+00:00,2.78,22.29,47.12
2023-07-04 14:00:00+00:00,2.42,23.36,45.09
2023-07-04 15:00:00+00:00,2.3,23.96,43.17
2023-07-04 16:00:00+00:00,2.32,22.95,45.59
2023-07-04 17:00:00+00:00,2.51,22.4,46.28
2023-07-04 18:00:00+00:00,2.79,22.29,48.13
2023-07-04 19:00:00+00:00,3.04,21.99,50.6
2023-07-04 20:00:00+00:00,2.92,21.21,53.58
2023-07-04 21:00:00+00:00,2.69,20.04,57.45
2023-07-04 22:00:00+00:00,3.81,19.19,64.05
2023-07-04 23:00:00+00:00,8.5,18.48,72.44
2023-07-05 00:00:00+00:00,7.24,17.64,79.21
2023-07-05 01:00:00+00:00,8.86,17.01,80.69
2023-07-05 02:00:00+00:00,10.71,16.8,83.93
2023-07-05 03:00:00+00:00,4.78,16.68,82.62
2023-07-05 04:00:00+00:00,4.59,15.71,82.11
2023-07-05 05:00:00+00:00,4.19,15.15,83.45
2023-07-05 06:00:00+00:00,3.77,14.52,80.38
2023-07-05 07:00:00+00:00,6.45,13.1,86.95
2023-07-05 08:00:00+00:00,9.08,13.07,88.66
2023-07-05 09:00:00+00:00,8.07,13.26,87.8
2023-07-05 10:00:00+00:00,6.07,13.4,84.13
2023-07-05 11:00:00+00:00,5.51,13.73,83.44
2023-07-05 12:00:00+00:00,5.17,14.35,82.69
2023-07-05 13:00:00+00:00,4.47,15.37,80.3
2023-07-05 14:00:00+00:00,3.81,16.28,77.61
2023-07-05 15:00:00+00:00,4.37,17.42,75.31
2023-07-05 16:00:00+00:00,5.41,18.18,72.49
2023-07-05 17:00:00+00:00,3.64,18.47,64.39
2023-07-05 18:00:00+00:00,4.01,17.64,67.77
2023-07-05 19:00:00+00:00,3.53,17.46,68.59
2023-07-05 20:00:00+00:00,4.21,17.04,73.49
2023-07-05 21:00:00+00:00,4.02,16.68,76.64
2023-07-05 22:00:00+00:00,3.7,16.13,78.68
2023-07-05 23:00:00+00:00,3.69,15.35,79.83
2023-07-06 00:00:00+00:00,4.67,14.7,81.78
2023-07-06 01:00:00+00:00,5.24,14.44,84.04
2023-07-06 03:00:00+00:00,7.41,14.36,87.1
2023-07-06 04:00:00+00:00,6.7,14.03,86.38
2023-07-06 05:00:00+00:00,8.1,14.33,89.26
2023-07-06 06:00:00+00:00,7.17,14.88,89.06
2023-07-06 07:00:00+00:00,3.61,16.04,82.41
2023-07-06 08:00:00+00:00,2.59,18.11,72.56
2023-07-06 09:00:00+00:00,2.04,21.81,58.45
2023-07-06 10:00:00+00:00,2.0,23.8,49.71
2023-07-06 11:00:00+00:00,1.93,24.86,45.43
2023-07-06 12:00:00+00:00,1.58,25.81,40.93
2023-07-06 13:00:00+00:00,1.04,26.77,36.18
2023-07-06 14:00:00+00:00,1.09,27.2,34.19
2023-07-06 15:00:00+00:00,,27.21,34.15
2023-07-06 16:00:00+00:00,1.32,25.66,36.73
2023-07-06 18:00:00+00:00,1.72,23.71,39.08
2023-07-06 19:00:00+00:00,1.8,22.44,43.49
2023-07-06 20:00:00+00:00,2.6,21.35,49.23
2023-07-06 21:00:00+00:00,2.56,20.03,54.17
2023-07-06 22:00:00+00:00,3.65,18.68,60.89
2023-07-06 23:00:00+00:00,4.71,17.78,63.83
2023-07-07 00:00:00+00:00,4.8,16.98,67.54
2023-07-07 01:00:00+00:00,4.81,16.28,72.11
2023-07-07 02:00:00+00:00,5.89,15.85,75.54
2023-07-07 03:00:00+00:00,5.7,15.32,77.84
2023-07-07 04:00:00+00:00,6.76,14.85,79.49
2023-07-07 05:00:00+00:00,8.54,14.65,80.78
2023-07-07 06:00:00+00:00,6.56,15.27,78.14
2023-07-07 07:00:00+00:00,5.67,16.93,71.15
2023-07-07 08:00:00+00:00,4.35,20.11,59.34
2023-07-07 09:00:00+00:00,3.69,25.88,43.64
2023-07-07 10:00:00+00:00,3.4,30.15,34.73
2023-07-07 11:00:00+00:00,3.32,32.86,29.73
2023-07-07 12:00:00+00:00,3.11,34.99,26.97
2023-07-07 13:00:00+00:00,2.69,36.73,24.93
2023-07-07 14:00:00+00:00,3.09,37.52,21.87
2023-07-07 15:00:00+00:00,3.28,37.88,22.15
2023-07-07 16:00:00+00:00,3.03,37.37,23.52
2023-07-07 17:00:00+00:00,3.12,36.16,25.36
2023-07-07 18:00:00+00:00,3.29,33.39,31.33
2023-07-07 19:00:00+00:00,3.49,30.57,39.28
2023-07-07 20:00:00+00:00,3.76,28.1,45.55
2023-07-07 21:00:00+00:00,4.32,26.1,48.84
2023-07-07 22:00:00+00:00,4.38,24.3,51.98
2023-07-07 23:00:00+00:00,4.73,23.17,55.81
2023-07-08 00:00:00+00:00,5.6,22.26,58.4
2023-07-08 01:00:00+00:00,6.04,21.4,61.23
2023-07-08 02:00:00+00:00,6.3,20.72,63.64
2023-07-08 03:00:00+00:00,6.73,20.08,65.58
2023-07-08 04:00:00+00:00,6.97,19.57,66.74
2023-07-08 05:00:00+00:00,7.54,19.29,67.57
2023-07-08 06:00:00+00:00,7.64,19.52,66.13
2023-07-08 07:00:00+00:00,8.14,20.12,64.59
2023-07-08 08:00:00+00:00,7.56,22.23,60.35
2023-07-08 09:00:00+00:00,6.15,28.16,48.27
2023-07-08 10:00:00+00:00,5.52,32.88,39.27
2023-07-08 11:00:00+00:00,5.41,36.3,33.51
2023-07-08 12:00:00+00:00,5.36,38.95,30.39
2023-07-08 13:00:00+00:00,5.64,40.66,28.75
2023-07-08 14:00:00+00:00,6.07,42.0,26.68
2023-07-08 15:00:00+00:00,6.63,42.25,25.27
2023-07-08 16:00:00+00:00,6.74,41.17,26.69
2023-07-08 17:00:00+00:00,7.22,38.38,32.52
2023-07-08 18:00:00+00:00,8.34,36.1,35.68
2023-07-08 19:00:00+00:00,8.26,33.7,39.1
2023-07-08 20:00:00+00:00,8.79,31.49,43.38
2023-07-08 21:00:00+00:00,10.16,29.55,50.22
2023-07-08 22:00:00+00:00,12.27,28.03,55.7
2023-07-08 23:00:00+00:00,13.93,26.75,60.15
2023-07-09 00:00:00+00:00,15.79,25.7,64.06
2023-07-09 01:00:00+00:00,15.23,25.0,65.79
2023-07-09 02:00:00+00:00,17.5,24.58,67.65
2023-07-09 03:00:00+00:00,19.27,23.95,69.63
2023-07-09 04:00:00+00:00,17.41,23.39,70.87
2023-07-09 05:00:00+00:00,19.2,23.17,72.03
2023-07-09 06:00:00+00:00,30.36,23.43,71.46
2023-07-09 07:00:00+00:00,33.47,24.35,64.31
2023-07-09 08:00:00+00:00,11.54,25.69,55.62
2023-07-09 09:00:00+00:00,7.72,29.66,50.57
2023-07-09 10:00:00+00:00,5.51,34.01,42.79
2023-07-09 11:00:00+00:00,4.34,36.05,38.25
2023-07-09 12:00:00+00:00,4.55,37.56,37.08
2023-07-09 13:00:00+00:00,4.09,36.64,35.84
2023-07-09 14:00:00+00:00,8.17,29.75,47.97
2023-07-09 15:00:00+00:00,6.4,27.77,51.27
2023-07-09 16:00:00+00:00,7.09,25.77,64.56
2023-07-09 17:00:00+00:00,6.74,25.24,66.44
2023-07-09 18:00:00+00:00,6.24,24.83,67.2
2023-07-09 19:00:00+00:00,5.16,23.99,67.01
2023-07-09 20:00:00+00:00,5.81,22.85,68.85
2023-07-09 21:00:00+00:00,3.97,22.17,68.48
2023-07-09 22:00:00+00:00,3.22,21.46,69.65
2023-07-09 23:00:00+00:00,3.36,20.86,73.62
2023-07-10 00:00:00+00:00,3.33,20.89,73.76
2023-07-10 01:00:00+00:00,4.84,19.97,76.29
2023-07-10 02:00:00+00:00,4.24,19.24,78.2
2023-07-10 03:00:00+00:00,4.48,18.94,78.55
2023-07-10 04:00:00+00:00,3.6,18.5,79.41
2023-07-10 05:00:00+00:00,3.17,18.24,80.4
2023-07-10 06:00:00+00:00,3.34,18.5,81.81
2023-07-10 07:00:00+00:00,3.82,19.3,78.46
2023-07-10 08:00:00+00:00,3.57,20.64,70.38
2023-07-10 09:00:00+00:00,3.17,24.16,56.0
2023-07-10 10:00:00+00:00,2.38,27.15,45.1
2023-07-10 11:00:00+00:00,2.3,28.86,41.87
2023-07-10 12:00:00+00:00,1.73,29.62,36.9
2023-07-10 13:00:00+00:00,1.35,30.72,30.16
2023-07-10 14:00:00+00:00,1.0,31.98,27.4
2023-07-10 15:00:00+00:00,1.02,32.33,25.47
2023-07-10 16:00:00+00:00,0.77,32.08,25.03
2023-07-10 17:00:00+00:00,0.91,31.28,26.79
2023-07-10 18:00:00+00:00,1.36,28.78,33.07
2023-07-10 19:00:00+00:00,1.87,27.04,38.72
2023-07-10 20:00:00+00:00,1.8,25.57,43.8
2023-07-10 21:00:00+00:00,2.45,24.1,49.6
2023-07-10 22:00:00+00:00,3.11,23.48,52.71
2023-07-10 23:00:00+00:00,3.05,22.98,54.59
2023-07-11 00:00:00+00:00,2.47,22.27,57.29
2023-07-11 01:00:00+00:00,2.22,21.35,60.06
2023-07-11 02:00:00+00:00,2.27,20.55,62.25
2023-07-11 03:00:00+00:00,2.08,20.01,63.22
2023-07-11 04:00:00+00:00,2.18,19.67,66.42
2023-07-11 05:00:00+00:00,2.49,19.74,64.79
2023-07-11 06:00:00+00:00,3.47,20.52,62.11
2023-07-11 07:00:00+00:00,4.02,21.84,59.94
2023-07-11 08:00:00+00:00,4.16,24.1,56.02
2023-07-11 09:00:00+00:00,3.06,26.88,47.88
2023-07-11 10:00:00+00:00,2.68,27.84,45.11
2023-07-11 11:00:00+00:00,1.26,30.12,42.18
2023-07-11 12:00:00+00:00,1.56,31.59,41.07
2023-07-11 13:00:00+00:00,2.45,31.09,43.83
2023-07-11 14:00:00+00:00,1.89,30.55,44.83
2023-07-11 15:00:00+00:00,2.02,30.71,44.89
2023-07-11 16:00:00+00:00,1.6,29.52,47.02
2023-07-11 17:00:00+00:00,1.57,29.15,47.26
2023-07-11 18:00:00+00:00,1.54,27.16,52.42
2023-07-11 19:00:00+00:00,1.3,25.36,54.65
2023-07-11 20:00:00+00:00,1.66,24.17,55.61
2023-07-11 21:00:00+00:00,1.97,23.06,57.37
2023-07-11 22:00:00+00:00,2.08,21.72,62.88
2023-07-11 23:00:00+00:00,2.28,21.16,65.77
2023-07-12 00:00:00+00:00,3.05,20.31,68.5
2023-07-12 01:00:00+00:00,3.67,19.75,73.06
2023-07-12 02:00:00+00:00,4.27,19.29,76.94
2023-07-12 03:00:00+00:00,4.82,19.13,76.87
2023-07-12 04:00:00+00:00,4.86,18.84,76.82
2023-07-12 05:00:00+00:00,4.96,18.63,76.75
2023-07-12 06:00:00+00:00,5.31,18.91,77.86
2023-07-12 07:00:00+00:00,5.47,19.31,76.73
2023-07-12 08:00:00+00:00,4.73,19.88,74.24
2023-07-12 09:00:00+00:00,3.72,21.66,65.07
2023-07-12 10:00:00+00:00,2.9,23.64,56.88
2023-07-12 11:00:00+00:00,1.84,26.22,47.11
2023-07-12 12:00:00+00:00,1.72,27.41,43.72
2023-07-12 13:00:00+00:00,2.12,27.56,44.15
2023-07-12 14:00:00+00:00,1.98,28.09,41.63
2023-07-12 15:00:00+00:00,1.71,28.26,40.23
2023-07-12 16:00:00+00:00,2.28,27.44,42.06
2023-07-12 17:00:00+00:00,2.75,25.62,46.55
2023-07-12 18:00:00+00:00,2.66,23.8,48.15
2023-07-12 19:00:00+00:00,3.05,22.05,55.22
2023-07-12 20:00:00+00:00,4.47,20.95,61.82
2023-07-12 21:00:00+00:00,5.79,20.13,69.36
2023-07-12 22:00:00+00:00,5.66,19.65,70.38
2023-07-12 23:00:00+00:00,2.42,19.04,71.22
2023-07-13 00:00:00+00:00,2.54,18.44,74.15
2023-07-13 01:00:00+00:00,4.62,18.19,77.54
2023-07-13 02:00:00+00:00,2.43,17.92,74.88
2023-07-13 03:00:00+00:00,2.39,17.51,75.21
2023-07-13 04:00:00+00:00,3.01,17.61,77.51
2023-07-13 05:00:00+00:00,3.44,18.0,77.5
2023-07-13 06:00:00+00:00,3.52,18.4,77.27
2023-07-13 07:00:00+00:00,3.52,19.06,73.05
2023-07-13 08:00:00+00:00,3.33,19.74,70.91
2023-07-13 09:00:00+00:00,2.86,22.37,58.03
2023-07-13 10:00:00+00:00,2.67,25.01,48.25
2023-07-13 11:00:00+00:00,2.43,26.24,45.1
2023-07-13 12:00:00+00:00,2.39,27.21,40.8
2023-07-13 13:00:00+00:00,2.79,27.48,42.53
2023-07-13 14:00:00+00:00,2.85,27.52,43.26
2023-07-13 15:00:00+00:00,2.77,28.24,41.9
2023-07-13 16:00:00+00:00,2.92,27.07,44.36
2023-07-13 17:00:00+00:00,2.76,25.36,49.11
2023-07-13 18:00:00+00:00,2.81,23.8,54.52
2023-07-13 19:00:00+00:00,2.77,22.84,57.22
2023-07-13 20:00:00+00:00,2.99,21.96,60.66
2023-07-13 21:00:00+00:00,2.48,21.16,62.31
2023-07-13 22:00:00+00:00,2.39,20.31,64.34
2023-07-13 23:00:00+00:00,3.21,19.6,67.15
2023-07-14 00:00:00+00:00,3.68,18.91,70.21
2023-07-14 01:00:00+00:00,4.48,18.45,72.38
2023-07-14 02:00:00+00:00,5.06,17.85,73.29
2023-07-14 03:00:00+00:00,4.72,17.35,74.49
2023-07-14 04:00:00+00:00,4.62,16.87,75.29
2023-07-14 05:00:00+00:00,4.95,16.73,75.99
2023-07-14 06:00:00+00:00,5.84,17.04,75.94
2023-07-14 07:00:00+00:00,8.16,17.77,75.61
2023-07-14 08:00:00+00:00,9.86,19.74,70.57
2023-07-14 09:00:00+00:00,11.08,21.47,64.91
2023-07-14 10:00:00+00:00,7.6,23.17,58.13
2023-07-14 11:00:00+00:00,5.85,24.85,51.78
2023-07-14 12:00:00+00:00,3.88,24.92,48.16
2023-07-14 13:00:00+00:00,4.76,25.76,46.69
2023-07-14 14:00:00+00:00,4.16,28.71,39.74
2023-07-14 15:00:00+00:00,4.43,29.02,38.33
2023-07-14 16:00:00+00:00,3.67,27.98,39.71
2023-07-14 17:00:00+00:00,3.6,26.65,45.9
2023-07-14 18:00:00+00:00,3.66,25.66,49.58
2023-07-14 19:00:00+00:00,4.11,24.56,55.05
2023-07-14 20:00:00+00:00,4.29,23.5,58.91
2023-07-14 21:00:00+00:00,4.46,22.92,61.47
2023-07-14 22:00:00+00:00,5.1,22.58,63.08
2023-07-14 23:00:00+00:00,5.73,22.08,64.02
2023-07-15 00:00:00+00:00,5.93,22.07,62.33
2023-07-15 01:00:00+00:00,5.0,22.37,56.88
2023-07-15 02:00:00+00:00,4.96,22.07,59.95
2023-07-15 03:00:00+00:00,4.51,21.46,66.07
2023-07-15 04:00:00+00:00,4.34,20.96,72.44
2023-07-15 05:00:00+00:00,4.17,21.18,73.94
2023-07-15 06:00:00+00:00,2.08,21.3,67.59
2023-07-15 07:00:00+00:00,2.29,21.6,66.13
2023-07-15 08:00:00+00:00,2.19,22.85,61.26
2023-07-15 09:00:00+00:00,2.44,25.72,51.45
2023-07-15 10:00:00+00:00,2.29,27.34,46.97
2023-07-15 11:00:00+00:00,1.72,27.96,44.52
2023-07-15 12:00:00+00:00,2.21,29.06,44.05
2023-07-15 13:00:00+00:00,2.11,32.38,37.29
2023-07-15 14:00:00+00:00,2.04,32.68,35.58
2023-07-15 15:00:00+00:00,2.1,28.38,46.44
2023-07-15 16:00:00+00:00,2.74,23.02,62.93
2023-07-15 17:00:00+00:00,2.6,23.03,63.54
2023-07-15 18:00:00+00:00,2.27,23.0,53.72
2023-07-15 19:00:00+00:00,2.97,22.07,57.51
2023-07-15 20:00:00+00:00,3.3,21.05,54.07
2023-07-15 21:00:00+00:00,4.94,19.71,56.06
2023-07-15 22:00:00+00:00,5.76,19.16,59.92
2023-07-15 23:00:00+00:00,6.27,18.87,63.63
2023-07-16 00:00:00+00:00,6.6,18.59,64.59
2023-07-16 01:00:00+00:00,5.42,18.24,66.47
2023-07-16 02:00:00+00:00,6.96,17.8,70.74
2023-07-16 03:00:00+00:00,8.9,17.16,77.07
2023-07-16 04:00:00+00:00,10.26,16.89,78.43
2023-07-16 05:00:00+00:00,8.43,16.72,80.1
2023-07-16 06:00:00+00:00,9.04,17.03,79.62
2023-07-16 07:00:00+00:00,8.54,17.63,76.17
2023-07-16 08:00:00+00:00,7.72,18.81,72.35
2023-07-16 09:00:00+00:00,7.5,20.06,65.95
2023-07-16 10:00:00+00:00,6.05,21.77,57.88
2023-07-16 11:00:00+00:00,4.85,23.31,52.2
2023-07-16 12:00:00+00:00,4.23,22.57,51.12
2023-07-16 13:00:00+00:00,3.27,23.77,45.25
2023-07-16 14:00:00+00:00,2.95,24.81,42.21
2023-07-16 15:00:00+00:00,2.94,24.34,43.3
2023-07-16 16:00:00+00:00,3.44,24.03,44.74
2023-07-16 17:00:00+00:00,3.31,23.56,44.85
2023-07-16 18:00:00+00:00,2.82,22.46,44.58
2023-07-16 19:00:00+00:00,2.89,21.5,48.89
2023-07-16 20:00:00+00:00,3.47,20.68,55.87
2023-07-16 21:00:00+00:00,3.75,19.99,61.88
2023-07-16 22:00:00+00:00,3.58,19.48,63.88
2023-07-16 23:00:00+00:00,3.34,18.85,62.46
2023-07-17 00:00:00+00:00,3.44,18.2,67.41
2023-07-17 01:00:00+00:00,3.78,17.81,69.0
2023-07-17 02:00:00+00:00,4.69,17.41,69.03
2023-07-17 03:00:00+00:00,6.14,17.09,73.05
2023-07-17 04:00:00+00:00,7.3,16.54,79.84
2023-07-17 05:00:00+00:00,7.85,16.37,80.7
2023-07-17 06:00:00+00:00,7.57,16.59,79.6
2023-07-17 07:00:00+00:00,5.64,17.05,74.61
2023-07-17 08:00:00+00:00,5.04,18.22,69.3
2023-07-17 09:00:00+00:00,4.43,20.11,62.61
2023-07-17 10:00:00+00:00,3.43,22.33,54.23
2023-07-17 11:00:00+00:00,3.11,23.51,51.35
2023-07-17 12:00:00+00:00,3.25,25.03,47.4
2023-07-17 13:00:00+00:00,3.7,25.85,44.69
2023-07-17 14:00:00+00:00,3.75,25.63,45.14
2023-07-17 15:00:00+00:00,3.95,24.62,48.97
2023-07-17 16:00:00+00:00,3.42,24.68,46.42
2023-07-17 17:00:00+00:00,3.03,24.07,48.31
2023-07-17 18:00:00+00:00,2.59,22.24,54.02
2023-07-17 19:00:00+00:00,2.75,21.04,59.59
2023-07-17 20:00:00+00:00,3.79,19.99,65.21
2023-07-17 21:00:00+00:00,3.66,19.28,69.19
2023-07-17 22:00:00+00:00,3.92,18.88,71.92
2023-07-17 23:00:00+00:00,4.19,18.39,74.23
2023-07-18 00:00:00+00:00,4.42,17.84,76.44
2023-07-18 01:00:00+00:00,3.96,17.51,77.87
2023-07-18 02:00:00+00:00,4.83,17.12,79.04
2023-07-18 03:00:00+00:00,5.37,16.72,80.25
2023-07-18 04:00:00+00:00,4.62,16.44,81.48
2023-07-18 05:00:00+00:00,3.47,16.45,82.57
2023-07-18 06:00:00+00:00,3.99,16.98,79.61
2023-07-18 07:00:00+00:00,4.69,17.5,78.78
2023-07-18 08:00:00+00:00,4.42,19.47,73.99
2023-07-18 09:00:00+00:00,3.72,23.08,61.72
2023-07-18 10:00:00+00:00,3.18,25.08,55.4
2023-07-18 11:00:00+00:00,2.4,26.6,49.42
2023-07-18 12:00:00+00:00,1.28,28.8,41.24
2023-07-18 13:00:00+00:00,1.39,30.12,35.04
2023-07-18 14:00:00+00:00,1.23,30.85,33.38
2023-07-18 15:00:00+00:00,1.23,30.49,32.52
2023-07-18 16:00:00+00:00,1.39,29.63,35.13
2023-07-18 17:00:00+00:00,1.06,27.91,37.57
2023-07-18 18:00:00+00:00,1.39,25.78,42.95
2023-07-18 19:00:00+00:00,1.59,24.46,49.2
2023-07-18 20:00:00+00:00,1.88,23.5,56.78
2023-07-18 21:00:00+00:00,1.9,22.34,61.31
2023-07-18 22:00:00+00:00,2.35,21.16,63.25
2023-07-18 23:00:00+00:00,3.44,20.12,67.38
2023-07-19 00:00:00+00:00,3.19,19.38,69.37
2023-07-19 01:00:00+00:00,3.9,18.96,71.75
2023-07-19 02:00:00+00:00,4.13,18.7,74.33
2023-07-19 03:00:00+00:00,4.57,18.46,77.7
2023-07-19 04:00:00+00:00,4.47,18.13,77.95
2023-07-19 05:00:00+00:00,3.35,17.93,77.87
2023-07-19 06:00:00+00:00,3.4,18.22,76.07
2023-07-19 07:00:00+00:00,2.07,19.07,70.56
2023-07-19 08:00:00+00:00,2.76,19.96,68.28
2023-07-19 09:00:00+00:00,2.98,20.87,65.88
2023-07-19 10:00:00+00:00,2.22,20.84,64.22
2023-07-19 11:00:00+00:00,2.12,22.57,60.06
2023-07-19 12:00:00+00:00,1.61,24.39,53.75
2023-07-19 13:00:00+00:00,1.7,26.93,45.57
2023-07-19 14:00:00+00:00,1.9,27.58,43.91
2023-07-19 15:00:00+00:00,1.76,28.06,41.33
2023-07-19 16:00:00+00:00,1.92,27.01,43.4
2023-07-19 17:00:00+00:00,2.11,25.73,46.17
2023-07-19 18:00:00+00:00,2.4,23.81,50.58
2023-07-19 19:00:00+00:00,2.74,22.92,53.15
2023-07-19 20:00:00+00:00,3.22,21.75,58.22
2023-07-19 21:00:00+00:00,4.01,20.45,68.26
2023-07-19 22:00:00+00:00,2.88,19.19,72.42
2023-07-19 23:00:00+00:00,1.15,18.35,74.06
2023-07-20 00:00:00+00:00,1.51,17.92,75.62
2023-07-20 01:00:00+00:00,1.75,17.29,76.52
2023-07-20 02:00:00+00:00,3.07,16.79,77.82
2023-07-20 03:00:00+00:00,3.24,16.21,78.0
2023-07-20 04:00:00+00:00,2.73,15.61,78.05
2023-07-20 05:00:00+00:00,2.7,15.16,79.54
2023-07-20 06:00:00+00:00,3.06,15.27,79.97
2023-07-20 07:00:00+00:00,1.86,15.71,75.18
2023-07-20 08:00:00+00:00,1.54,17.09,68.57
2023-07-20 09:00:00+00:00,1.51,21.25,57.42
2023-07-20 10:00:00+00:00,0.98,23.85,47.81
2023-07-20 11:00:00+00:00,1.15,25.16,44.38
2023-07-20 12:00:00+00:00,1.0,28.01,37.19
2023-07-20 13:00:00+00:00,1.02,29.13,35.45
2023-07-20 14:00:00+00:00,0.9,29.63,31.58
2023-07-20 15:00:00+00:00,0.84,28.91,32.91
2023-07-20 16:00:00+00:00,0.89,28.53,33.65
2023-07-20 17:00:00+00:00,0.73,27.36,33.79
2023-07-20 18:00:00+00:00,0.74,25.12,37.17
2023-07-20 19:00:00+00:00,1.04,22.99,43.86
2023-07-20 20:00:00+00:00,1.66,21.55,50.75
2023-07-20 21:00:00+00:00,2.48,20.19,55.98
2023-07-20 22:00:00+00:00,2.52,19.48,59.0
2023-07-20 23:00:00+00:00,3.46,18.96,62.08
2023-07-21 00:00:00+00:00,5.49,18.6,65.31
2023-07-21 01:00:00+00:00,4.54,18.24,66.86
2023-07-21 02:00:00+00:00,4.02,17.83,68.28
2023-07-21 03:00:00+00:00,2.66,17.43,69.1
2023-07-21 04:00:00+00:00,4.15,16.78,71.87
2023-07-21 05:00:00+00:00,7.73,16.31,75.69
2023-07-21 06:00:00+00:00,3.97,17.1,73.39
2023-07-21 07:00:00+00:00,5.63,18.08,68.83
2023-07-21 08:00:00+00:00,2.97,19.23,64.1
2023-07-21 09:00:00+00:00,2.39,20.82,59.46
2023-07-21 10:00:00+00:00,1.48,22.54,51.93
2023-07-21 11:00:00+00:00,1.73,23.09,46.19
2023-07-21 12:00:00+00:00,2.86,23.79,48.56
2023-07-21 13:00:00+00:00,6.2,24.1,46.79
2023-07-21 14:00:00+00:00,9.38,24.31,44.09
2023-07-21 15:00:00+00:00,8.79,24.13,43.5
2023-07-21 16:00:00+00:00,5.61,23.78,44.24
2023-07-21 17:00:00+00:00,2.66,23.25,44.08
2023-07-21 18:00:00+00:00,5.3,21.62,49.07
2023-07-21 19:00:00+00:00,7.54,20.07,53.84
2023-07-21 20:00:00+00:00,8.43,19.13,57.31
2023-07-21 21:00:00+00:00,8.16,18.59,59.98
2023-07-21 22:00:00+00:00,7.08,18.27,62.38
2023-07-21 23:00:00+00:00,7.87,17.84,65.03
2023-07-22 00:00:00+00:00,8.93,17.64,66.3
2023-07-22 01:00:00+00:00,9.69,17.32,68.51
2023-07-22 02:00:00+00:00,11.18,16.79,71.34
2023-07-22 03:00:00+00:00,11.38,16.6,73.43
2023-07-22 04:00:00+00:00,11.24,16.13,74.42
2023-07-22 05:00:00+00:00,11.21,16.07,76.15
2023-07-22 06:00:00+00:00,11.77,16.59,77.88
2023-07-22 07:00:00+00:00,9.62,17.24,78.08
2023-07-22 08:00:00+00:00,16.47,17.82,81.62
2023-07-22 09:00:00+00:00,13.32,18.08,81.6
2023-07-22 10:00:00+00:00,3.71,19.08,68.31
2023-07-22 11:00:00+00:00,2.64,20.1,60.33
2023-07-22 12:00:00+00:00,2.37,20.85,56.32
2023-07-22 13:00:00+00:00,3.78,21.02,54.94
2023-07-22 14:00:00+00:00,5.68,20.33,57.07
2023-07-22 15:00:00+00:00,4.76,20.65,57.27
2023-07-22 16:00:00+00:00,3.35,20.28,59.76
2023-07-22 17:00:00+00:00,3.43,19.98,58.75
2023-07-22 18:00:00+00:00,3.98,19.38,65.06
2023-07-22 19:00:00+00:00,4.67,17.84,74.96
2023-07-22 20:00:00+00:00,5.42,17.07,80.72
2023-07-22 21:00:00+00:00,6.4,16.89,82.88
2023-07-22 22:00:00+00:00,6.62,16.65,84.36
2023-07-22 23:00:00+00:00,7.63,16.46,84.37
2023-07-23 00:00:00+00:00,7.8,16.06,85.3
2023-07-23 01:00:00+00:00,8.77,16.05,85.54
2023-07-23 02:00:00+00:00,8.88,15.97,85.85
2023-07-23 03:00:00+00:00,9.93,16.01,86.67
2023-07-23 04:00:00+00:00,11.11,16.14,86.92
2023-07-23 05:00:00+00:00,11.46,16.27,86.91
2023-07-23 06:00:00+00:00,11.83,16.37,87.8
2023-07-23 07:00:00+00:00,11.18,16.66,87.77
2023-07-23 08:00:00+00:00,10.45,17.1,85.88
2023-07-23 09:00:00+00:00,9.8,17.57,84.44
2023-07-23 10:00:00+00:00,7.57,18.08,83.33
2023-07-23 11:00:00+00:00,6.17,19.07,83.02
2023-07-23 12:00:00+00:00,6.73,19.78,82.52
2023-07-23 13:00:00+00:00,4.72,21.2,73.14
2023-07-23 14:00:00+00:00,3.94,22.54,66.97
2023-07-23 15:00:00+00:00,3.57,24.33,60.53
2023-07-23 16:00:00+00:00,2.94,25.39,56.24
2023-07-23 17:00:00+00:00,2.87,24.7,54.98
2023-07-23 18:00:00+00:00,4.36,22.82,61.07
2023-07-23 19:00:00+00:00,6.18,21.92,64.35
2023-07-23 20:00:00+00:00,6.79,20.69,68.25
2023-07-23 21:00:00+00:00,7.09,19.99,72.67
2023-07-23 22:00:00+00:00,5.65,19.37,74.46
2023-07-23 23:00:00+00:00,6.16,19.05,78.12
2023-07-24 00:00:00+00:00,6.7,18.61,78.0
2023-07-24 01:00:00+00:00,5.87,18.18,79.66
2023-07-24 02:00:00+00:00,5.28,18.11,80.8
2023-07-24 03:00:00+00:00,5.52,18.31,80.41
2023-07-24 04:00:00+00:00,6.29,18.44,80.26
2023-07-24 05:00:00+00:00,6.69,18.47,80.47
2023-07-24 06:00:00+00:00,7.64,18.7,80.69
2023-07-24 07:00:00+00:00,8.22,19.33,78.88
2023-07-24 08:00:00+00:00,7.53,20.09,75.69
2023-07-24 09:00:00+00:00,6.27,21.91,67.75
2023-07-24 10:00:00+00:00,5.47,24.57,58.8
2023-07-24 11:00:00+00:00,5.35,23.89,59.26
2023-07-24 12:00:00+00:00,6.81,21.94,70.03
2023-07-24 13:00:00+00:00,24.65,22.39,66.2
2023-07-24 14:00:00+00:00,2.47,23.61,59.38
2023-07-24 15:00:00+00:00,1.37,21.35,62.36
2023-07-24 16:00:00+00:00,1.61,20.15,66.09
2023-07-24 17:00:00+00:00,1.82,20.46,60.74
2023-07-24 18:00:00+00:00,2.17,19.47,61.59
2023-07-24 19:00:00+00:00,2.39,19.13,61.19
2023-07-24 20:00:00+00:00,2.58,18.29,63.21
2023-07-24 21:00:00+00:00,2.77,17.51,65.88
2023-07-24 22:00:00+00:00,3.0,16.58,69.32
2023-07-24 23:00:00+00:00,2.84,16.08,70.76
2023-07-25 00:00:00+00:00,2.44,15.61,71.4
2023-07-25 01:00:00+00:00,2.45,14.83,74.14
2023-07-25 02:00:00+00:00,2.54,14.48,76.43
2023-07-25 03:00:00+00:00,2.9,14.32,78.57
2023-07-25 04:00:00+00:00,3.41,14.79,82.44
2023-07-25 05:00:00+00:00,2.4,14.74,78.23
2023-07-25 06:00:00+00:00,95.81,14.93,75.48
2023-07-25 07:00:00+00:00,14.72,15.51,68.45
2023-07-25 08:00:00+00:00,5.92,16.69,62.33
2023-07-25 09:00:00+00:00,2.82,19.68,52.81
2023-07-25 10:00:00+00:00,1.54,21.52,49.11
2023-07-25 11:00:00+00:00,1.69,21.77,47.83
2023-07-25 12:00:00+00:00,1.85,22.24,46.27
2023-07-25 13:00:00+00:00,3.45,23.65,44.49
2023-07-25 14:00:00+00:00,4.59,25.42,39.55
2023-07-25 15:00:00+00:00,2.58,23.47,43.82
2023-07-25 16:00:00+00:00,1.38,23.69,42.4
2023-07-25 17:00:00+00:00,1.57,22.95,44.41
2023-07-25 18:00:00+00:00,1.52,20.32,50.85
2023-07-25 19:00:00+00:00,1.6,19.12,52.57
2023-07-25 20:00:00+00:00,1.78,18.42,54.15
2023-07-25 21:00:00+00:00,1.99,17.59,53.17
2023-07-25 22:00:00+00:00,1.75,17.01,58.21
2023-07-25 23:00:00+00:00,2.09,16.48,62.88
2023-07-26 00:00:00+00:00,2.81,15.82,67.97
2023-07-26 01:00:00+00:00,2.74,15.18,69.43
2023-07-26 02:00:00+00:00,2.73,14.44,72.1
2023-07-26 03:00:00+00:00,2.99,13.96,74.5
2023-07-26 04:00:00+00:00,2.78,14.2,76.65
2023-07-26 05:00:00+00:00,5.61,14.58,77.97
2023-07-26 06:00:00+00:00,6.68,14.42,82.82
2023-07-26 07:00:00+00:00,16.43,14.68,83.5
2023-07-26 08:00:00+00:00,8.92,16.27,81.04
2023-07-26 09:00:00+00:00,29.45,18.45,71.83
2023-07-26 10:00:00+00:00,4.69,21.08,58.18
2023-07-26 11:00:00+00:00,3.95,23.11,53.23
2023-07-26 12:00:00+00:00,5.14,22.81,52.07
2023-07-26 13:00:00+00:00,5.14,24.26,48.09
2023-07-26 14:00:00+00:00,3.77,24.11,48.25
2023-07-26 15:00:00+00:00,3.45,25.02,45.38
2023-07-26 16:00:00+00:00,3.53,24.84,44.88
2023-07-26 17:00:00+00:00,3.85,24.31,45.54
2023-07-26 18:00:00+00:00,3.44,22.77,46.83
2023-07-26 19:00:00+00:00,4.11,21.43,51.88
2023-07-26 20:00:00+00:00,4.19,20.45,54.55
2023-07-26 21:00:00+00:00,5.01,19.29,56.74
2023-07-26 22:00:00+00:00,5.41,18.46,57.89
2023-07-26 23:00:00+00:00,5.06,17.78,61.81
2023-07-27 00:00:00+00:00,5.98,17.65,65.52
2023-07-27 01:00:00+00:00,5.62,17.68,68.98
2023-07-27 02:00:00+00:00,6.57,17.36,77.06
2023-07-27 03:00:00+00:00,9.86,16.87,81.23
2023-07-27 04:00:00+00:00,6.06,16.55,83.09
2023-07-27 05:00:00+00:00,6.39,16.36,84.14
2023-07-27 06:00:00+00:00,5.95,16.42,85.32
2023-07-27 07:00:00+00:00,6.08,16.87,86.36
2023-07-27 08:00:00+00:00,3.26,18.11,86.7
2023-07-27 09:00:00+00:00,1.48,18.93,86.1
2023-07-27 10:00:00+00:00,1.9,19.13,86.1
2023-07-27 11:00:00+00:00,1.85,19.82,85.88
2023-07-27 12:00:00+00:00,2.45,20.41,84.62
2023-07-27 13:00:00+00:00,3.66,20.39,84.55
2023-07-27 14:00:00+00:00,2.49,20.36,85.64
2023-07-27 15:00:00+00:00,2.21,20.09,86.77
2023-07-27 16:00:00+00:00,4.64,19.99,86.76
2023-07-27 17:00:00+00:00,4.44,19.74,87.35
2023-07-27 18:00:00+00:00,4.57,19.58,86.89
2023-07-27 19:00:00+00:00,4.25,19.46,86.74
2023-07-27 20:00:00+00:00,3.88,19.2,87.3
2023-07-27 21:00:00+00:00,3.87,19.15,87.45
2023-07-27 22:00:00+00:00,3.88,19.08,87.69
2023-07-27 23:00:00+00:00,4.11,19.06,88.32
2023-07-28 00:00:00+00:00,4.77,19.02,88.97
2023-07-28 01:00:00+00:00,5.01,19.12,88.94
2023-07-28 02:00:00+00:00,5.84,19.15,88.89
2023-07-28 03:00:00+00:00,7.08,19.19,88.88
2023-07-28 04:00:00+00:00,7.79,19.23,88.8
2023-07-28 05:00:00+00:00,8.57,19.28,88.82
2023-07-28 06:00:00+00:00,9.21,19.7,88.06
2023-07-28 07:00:00+00:00,9.41,20.18,86.62
2023-07-28 08:00:00+00:00,9.06,20.53,84.54
2023-07-28 09:00:00+00:00,7.98,20.61,83.91
2023-07-28 10:00:00+00:00,9.3,20.86,81.85
2023-07-28 11:00:00+00:00,8.75,21.29,79.88
2023-07-28 12:00:00+00:00,6.31,22.87,74.37
2023-07-28 13:00:00+00:00,7.2,23.51,71.02
2023-07-28 14:00:00+00:00,6.84,24.62,66.18
2023-07-28 15:00:00+00:00,5.86,25.59,60.29
2023-07-28 16:00:00+00:00,5.65,25.19,63.04
2023-07-28 17:00:00+00:00,2.77,24.11,65.24
2023-07-28 18:00:00+00:00,1.51,23.48,65.83
2023-07-28 19:00:00+00:00,1.17,22.8,67.62
2023-07-28 20:00:00+00:00,1.22,21.54,70.62
2023-07-28 21:00:00+00:00,1.51,20.82,74.3
2023-07-28 22:00:00+00:00,1.9,20.46,76.61
2023-07-28 23:00:00+00:00,2.44,20.09,78.77
2023-07-29 00:00:00+00:00,3.3,19.38,79.94
2023-07-29 01:00:00+00:00,2.93,18.86,80.97
2023-07-29 02:00:00+00:00,2.68,18.65,80.12
2023-07-29 03:00:00+00:00,2.87,18.33,80.76
2023-07-29 04:00:00+00:00,3.5,18.08,81.46
2023-07-29 05:00:00+00:00,3.93,17.94,82.9
2023-07-29 06:00:00+00:00,3.36,18.51,83.02
2023-07-29 07:00:00+00:00,2.87,19.32,81.52
2023-07-29 08:00:00+00:00,2.35,20.15,79.59
2023-07-29 10:00:00+00:00,3.43,20.39,77.31
2023-07-29 11:00:00+00:00,2.92,20.8,75.88
2023-07-29 12:00:00+00:00,1.95,22.18,68.17
2023-07-29 13:00:00+00:00,1.3,24.38,61.37
2023-07-29 14:00:00+00:00,0.94,25.32,58.29
2023-07-29 15:00:00+00:00,1.52,25.63,56.01
2023-07-29 16:00:00+00:00,2.46,25.25,55.04
2023-07-29 17:00:00+00:00,2.62,24.38,55.64
2023-07-29 18:00:00+00:00,3.61,22.74,61.47
2023-07-29 19:00:00+00:00,4.79,21.39,67.36
2023-07-29 20:00:00+00:00,5.8,20.53,71.46
2023-07-29 21:00:00+00:00,7.47,19.86,75.29
2023-07-29 22:00:00+00:00,7.26,19.16,77.79
2023-07-29 23:00:00+00:00,6.93,18.67,79.14
2023-07-30 00:00:00+00:00,6.78,18.24,81.04
2023-07-30 01:00:00+00:00,6.49,18.41,81.84
2023-07-30 02:00:00+00:00,6.38,18.44,81.33
2023-07-30 03:00:00+00:00,4.31,18.3,75.34
2023-07-30 04:00:00+00:00,2.78,17.99,69.32
2023-07-30 05:00:00+00:00,3.14,17.72,67.46
2023-07-30 06:00:00+00:00,3.16,17.85,67.84
2023-07-30 07:00:00+00:00,3.37,18.47,70.17
2023-07-30 08:00:00+00:00,3.66,18.84,70.24
2023-07-30 09:00:00+00:00,3.17,19.56,66.25
2023-07-30 10:00:00+00:00,3.11,22.51,55.7
2023-07-30 11:00:00+00:00,3.27,22.69,56.4
2023-07-30 12:00:00+00:00,3.22,22.8,56.24
2023-07-30 13:00:00+00:00,3.01,22.75,56.33
2023-07-30 14:00:00+00:00,2.68,23.31,52.84
2023-07-30 15:00:00+00:00,3.82,24.16,51.78
2023-07-30 16:00:00+00:00,5.42,23.06,56.61
2023-07-30 17:00:00+00:00,6.26,21.59,64.62
2023-07-30 18:00:00+00:00,3.79,20.66,68.98
2023-07-30 19:00:00+00:00,2.73,20.22,72.17
2023-07-30 20:00:00+00:00,2.96,19.8,73.81
2023-07-30 21:00:00+00:00,3.05,19.3,75.36
2023-07-30 22:00:00+00:00,2.51,18.67,76.99
2023-07-30 23:00:00+00:00,2.2,18.09,82.27
2023-07-31 00:00:00+00:00,3.22,17.83,86.78
2023-07-31 01:00:00+00:00,4.69,17.9,87.22
2023-07-31 02:00:00+00:00,8.03,17.89,87.98
2023-07-31 03:00:00+00:00,8.71,17.78,86.67
2023-07-31 04:00:00+00:00,8.67,17.65,86.64
2023-07-31 05:00:00+00:00,6.95,17.62,88.14
2023-07-31 06:00:00+00:00,2.11,17.69,89.84
2023-07-31 07:00:00+00:00,2.83,17.97,90.58
2023-07-31 08:00:00+00:00,3.33,18.28,90.53
2023-07-31 09:00:00+00:00,3.09,18.7,90.52
2023-07-31 10:00:00+00:00,4.44,19.1,89.57
2023-07-31 11:00:00+00:00,4.18,19.51,88.29
2023-07-31 12:00:00+00:00,4.15,20.04,85.61
2023-07-31 13:00:00+00:00,3.76,20.45,83.04
2023-07-31 14:00:00+00:00,2.89,20.64,81.81
2023-07-31 15:00:00+00:00,3.16,19.87,85.5
2023-07-31 16:00:00+00:00,3.39,19.57,86.43
2023-07-31 17:00:00+00:00,3.39,19.54,85.98
2023-07-31 18:00:00+00:00,3.26,19.46,85.93
2023-07-31 19:00:00+00:00,3.05,18.75,84.9
2023-07-31 20:00:00+00:00,3.64,18.24,83.24
2023-07-31 21:00:00+00:00,3.72,17.99,81.75
2023-07-31 22:00:00+00:00,4.19,17.83,80.71
2023-07-31 23:00:00+00:00,4.54,17.73,80.49
2023-08-01 00:00:00+00:00,4.61,17.51,82.2
2023-08-01 01:00:00+00:00,5.55,17.34,82.23
2023-08-01 02:00:00+00:00,5.34,17.32,81.03
2023-08-01 03:00:00+00:00,4.85,16.98,84.1
2023-08-01 04:00:00+00:00,6.1,17.07,83.63
2023-08-01 05:00:00+00:00,4.64,17.16,81.68
2023-08-01 06:00:00+00:00,3.91,17.13,80.83
2023-08-01 07:00:00+00:00,3.81,17.5,79.03
2023-08-01 08:00:00+00:00,3.63,17.98,76.87
2023-08-01 09:00:00+00:00,,18.71,74.44
2023-08-01 10:00:00+00:00,3.09,21.12,65.76
2023-08-01 11:00:00+00:00,3.21,21.69,63.51
2023-08-01 12:00:00+00:00,2.94,21.85,63.46
2023-08-01 13:00:00+00:00,2.12,22.14,61.07
2023-08-01 14:00:00+00:00,2.41,20.67,72.23
2023-08-01 15:00:00+00:00,2.7,21.12,67.21
2023-08-01 16:00:00+00:00,1.96,20.55,66.87
2023-08-01 17:00:00+00:00,2.73,19.24,73.74
2023-08-01 18:00:00+00:00,2.54,19.34,72.74
2023-08-01 19:00:00+00:00,2.03,18.88,71.73
2023-08-01 20:00:00+00:00,1.92,18.59,71.94
2023-08-01 21:00:00+00:00,1.99,18.5,73.15
2023-08-01 22:00:00+00:00,2.01,18.44,75.41
2023-08-01 23:00:00+00:00,2.69,18.36,78.09
2023-08-02 00:00:00+00:00,5.6,17.88,80.06
2023-08-02 01:00:00+00:00,5.26,17.7,82.88
2023-08-02 02:00:00+00:00,5.81,17.49,83.19
2023-08-02 03:00:00+00:00,6.41,17.29,83.1
2023-08-02 04:00:00+00:00,7.24,16.96,83.57
2023-08-02 05:00:00+00:00,8.43,16.79,84.17
2023-08-02 06:00:00+00:00,7.46,16.84,85.55
2023-08-02 07:00:00+00:00,6.99,16.87,87.51
2023-08-02 08:00:00+00:00,4.66,16.95,88.37
2023-08-02 09:00:00+00:00,1.9,17.35,88.58
2023-08-02 10:00:00+00:00,2.02,18.34,88.82
2023-08-02 11:00:00+00:00,3.09,21.17,82.28
2023-08-02 12:00:00+00:00,2.59,23.51,69.17
2023-08-02 13:00:00+00:00,3.43,24.99,57.33
2023-08-02 14:00:00+00:00,4.16,23.56,59.04
2023-08-02 15:00:00+00:00,5.62,23.6,57.95
2023-08-02 16:00:00+00:00,4.76,22.13,61.76
2023-08-02 17:00:00+00:00,5.8,21.29,65.88
2023-08-02 18:00:00+00:00,2.82,19.46,78.33
2023-08-02 19:00:00+00:00,3.05,19.06,81.76
2023-08-02 20:00:00+00:00,2.6,18.36,83.71
2023-08-02 21:00:00+00:00,2.46,18.03,85.73
2023-08-02 22:00:00+00:00,2.43,17.88,86.14
2023-08-02 23:00:00+00:00,2.14,17.76,86.9
2023-08-03 00:00:00+00:00,2.07,17.63,87.71
2023-08-03 01:00:00+00:00,3.0,17.46,89.53
2023-08-03 02:00:00+00:00,2.27,17.55,89.93
2023-08-03 03:00:00+00:00,2.9,17.44,89.3
2023-08-03 04:00:00+00:00,3.65,17.37,89.54
2023-08-03 05:00:00+00:00,2.86,17.37,89.63
2023-08-03 06:00:00+00:00,3.46,17.53,90.34
2023-08-03 07:00:00+00:00,4.02,18.47,89.14
2023-08-03 08:00:00+00:00,3.28,19.02,85.75
2023-08-03 09:00:00+00:00,3.0,20.78,78.83
2023-08-03 10:00:00+00:00,2.86,20.7,77.99
2023-08-03 11:00:00+00:00,2.53,20.31,76.27
2023-08-03 12:00:00+00:00,2.92,20.98,71.2
2023-08-03 13:00:00+00:00,3.54,22.35,64.84
2023-08-03 14:00:00+00:00,3.84,21.46,66.33
2023-08-03 15:00:00+00:00,3.73,19.78,71.99
2023-08-03 16:00:00+00:00,3.32,19.16,73.19
2023-08-03 17:00:00+00:00,2.78,19.16,70.46
2023-08-03 18:00:00+00:00,3.5,18.78,73.34
2023-08-03 19:00:00+00:00,3.01,18.83,71.43
2023-08-03 20:00:00+00:00,3.38,18.24,74.18
2023-08-03 21:00:00+00:00,3.31,17.94,75.38
2023-08-03 22:00:00+00:00,3.24,17.84,76.44
2023-08-03 23:00:00+00:00,3.02,17.66,78.23
2023-08-04 00:00:00+00:00,2.01,17.15,82.97
2023-08-04 01:00:00+00:00,3.81,16.95,84.87
2023-08-04 02:00:00+00:00,4.51,17.01,85.18
2023-08-04 03:00:00+00:00,4.43,16.96,84.8
2023-08-04 04:00:00+00:00,4.1,16.81,86.62
2023-08-04 05:00:00+00:00,3.81,16.68,86.77
2023-08-04 06:00:00+00:00,4.55,16.74,87.79
2023-08-04 07:00:00+00:00,3.43,17.14,85.75
2023-08-04 08:00:00+00:00,3.91,17.66,85.1
2023-08-04 09:00:00+00:00,2.46,19.31,77.45
2023-08-04 10:00:00+00:00,1.84,21.55,66.92
2023-08-04 11:00:00+00:00,1.68,23.09,60.41
2023-08-04 12:00:00+00:00,1.56,23.4,58.57
2023-08-04 13:00:00+00:00,1.31,23.61,56.97
2023-08-04 14:00:00+00:00,1.45,22.94,58.37
2023-08-04 15:00:00+00:00,1.59,24.02,55.71
2023-08-04 16:00:00+00:00,1.55,24.43,54.32
2023-08-04 17:00:00+00:00,2.15,22.73,59.65
2023-08-04 18:00:00+00:00,2.24,21.75,61.1
2023-08-04 19:00:00+00:00,2.65,20.4,66.05
2023-08-04 20:00:00+00:00,2.31,19.51,69.84
2023-08-04 21:00:00+00:00,2.31,18.63,73.35
2023-08-04 22:00:00+00:00,2.98,18.23,76.39
2023-08-04 23:00:00+00:00,3.15,18.05,77.41
2023-08-05 00:00:00+00:00,3.44,17.82,78.86
2023-08-05 01:00:00+00:00,3.94,17.64,79.42
2023-08-05 02:00:00+00:00,5.62,17.52,79.84
2023-08-05 03:00:00+00:00,5.07,17.3,79.91
2023-08-05 04:00:00+00:00,4.79,16.94,80.73
2023-08-05 05:00:00+00:00,10.5,16.61,82.1
2023-08-05 06:00:00+00:00,5.01,16.72,82.64
2023-08-05 07:00:00+00:00,7.52,17.4,80.36
2023-08-05 08:00:00+00:00,8.69,18.63,75.14
2023-08-05 09:00:00+00:00,8.41,20.78,68.24
2023-08-05 10:00:00+00:00,6.4,21.91,64.0
2023-08-05 11:00:00+00:00,6.4,21.49,64.77
2023-08-05 12:00:00+00:00,5.25,20.63,64.22
2023-08-05 13:00:00+00:00,6.57,19.12,72.6
2023-08-05 14:00:00+00:00,9.21,18.74,76.42
2023-08-05 15:00:00+00:00,5.3,18.93,72.71
2023-08-05 16:00:00+00:00,4.12,19.13,66.88
2023-08-05 17:00:00+00:00,3.84,20.33,62.08
2023-08-05 18:00:00+00:00,3.88,19.29,64.72
2023-08-05 19:00:00+00:00,3.89,18.6,69.86
2023-08-05 20:00:00+00:00,4.18,18.03,74.5
2023-08-05 21:00:00+00:00,5.46,17.6,78.9
2023-08-05 22:00:00+00:00,7.48,17.23,81.44
2023-08-05 23:00:00+00:00,6.88,17.15,82.4
2023-08-06 00:00:00+00:00,8.49,17.19,82.94
2023-08-06 01:00:00+00:00,13.92,16.97,85.82
2023-08-06 02:00:00+00:00,16.98,16.78,86.5
2023-08-06 03:00:00+00:00,13.41,16.46,87.32
2023-08-06 04:00:00+00:00,5.09,15.92,87.28
2023-08-06 05:00:00+00:00,3.4,15.49,87.58
2023-08-06 06:00:00+00:00,11.99,15.45,89.4
2023-08-06 07:00:00+00:00,8.28,15.4,88.3
2023-08-06 08:00:00+00:00,8.81,15.77,89.41
2023-08-06 09:00:00+00:00,7.04,16.38,88.05
2023-08-06 10:00:00+00:00,3.23,17.2,85.69
2023-08-06 11:00:00+00:00,2.14,17.4,85.01
2023-08-06 12:00:00+00:00,2.37,17.9,82.85
2023-08-06 13:00:00+00:00,2.22,19.47,77.51
2023-08-06 14:00:00+00:00,1.77,19.91,71.7
2023-08-06 15:00:00+00:00,2.24,18.7,71.74
2023-08-06 16:00:00+00:00,2.83,18.1,73.19
2023-08-06 17:00:00+00:00,2.51,17.1,77.9
2023-08-06 18:00:00+00:00,2.86,16.51,80.29
2023-08-06 19:00:00+00:00,2.85,15.81,83.72
2023-08-06 20:00:00+00:00,2.37,15.23,87.06
2023-08-06 21:00:00+00:00,3.57,15.05,87.59
2023-08-06 22:00:00+00:00,4.61,14.92,85.83
2023-08-06 23:00:00+00:00,3.07,14.6,86.37
2023-08-07 00:00:00+00:00,3.82,14.43,87.17
2023-08-07 01:00:00+00:00,4.09,14.67,83.25
2023-08-07 02:00:00+00:00,3.89,14.91,81.36
2023-08-07 03:00:00+00:00,3.87,14.68,85.83
2023-08-07 04:00:00+00:00,4.26,14.76,85.21
2023-08-07 05:00:00+00:00,4.56,15.1,83.1
2023-08-07 06:00:00+00:00,10.52,15.33,80.58
2023-08-07 07:00:00+00:00,6.17,15.33,82.76
2023-08-07 08:00:00+00:00,5.1,15.8,78.93
2023-08-07 09:00:00+00:00,3.7,16.56,71.26
2023-08-07 10:00:00+00:00,3.71,17.56,70.26
2023-08-07 11:00:00+00:00,3.4,19.42,61.55
2023-08-07 12:00:00+00:00,2.78,21.31,53.91
2023-08-07 13:00:00+00:00,2.33,23.02,47.69
2023-08-07 14:00:00+00:00,2.25,22.63,49.56
2023-08-07 15:00:00+00:00,3.23,22.07,51.09
2023-08-07 16:00:00+00:00,2.97,21.51,53.43
2023-08-07 17:00:00+00:00,2.72,20.68,56.5
2023-08-07 18:00:00+00:00,2.19,19.27,60.9
2023-08-07 19:00:00+00:00,2.06,18.08,63.54
2023-08-07 20:00:00+00:00,2.4,17.31,68.73
2023-08-07 21:00:00+00:00,2.44,17.06,73.34
2023-08-07 22:00:00+00:00,2.44,17.06,74.89
2023-08-07 23:00:00+00:00,3.0,16.74,76.21
2023-08-08 00:00:00+00:00,3.26,16.28,78.9
2023-08-08 01:00:00+00:00,2.75,16.38,72.18
2023-08-08 02:00:00+00:00,2.27,16.44,69.64
2023-08-08 03:00:00+00:00,1.94,16.07,69.4
2023-08-08 04:00:00+00:00,2.2,16.04,69.31
2023-08-08 05:00:00+00:00,1.94,15.65,69.37
2023-08-08 06:00:00+00:00,1.74,15.74,70.24
2023-08-08 07:00:00+00:00,1.63,16.4,69.77
2023-08-08 08:00:00+00:00,1.78,17.29,70.79
2023-08-08 09:00:00+00:00,1.69,17.57,71.13
2023-08-08 10:00:00+00:00,1.73,18.68,66.73
2023-08-08 11:00:00+00:00,1.89,19.17,63.99
2023-08-08 12:00:00+00:00,1.74,19.75,61.79
2023-08-08 13:00:00+00:00,1.89,20.19,61.51
2023-08-08 14:00:00+00:00,1.81,20.63,59.42
2023-08-08 15:00:00+00:00,1.78,20.27,59.2
2023-08-08 16:00:00+00:00,2.15,20.04,62.24
2023-08-08 17:00:00+00:00,2.25,18.91,64.59
2023-08-08 18:00:00+00:00,3.12,17.81,75.81
2023-08-08 19:00:00+00:00,2.92,17.1,78.83
2023-08-08 20:00:00+00:00,3.6,17.01,80.8
2023-08-08 21:00:00+00:00,3.49,16.81,82.18
2023-08-08 22:00:00+00:00,3.68,16.69,82.38
2023-08-08 23:00:00+00:00,3.66,16.23,82.37
2023-08-09 00:00:00+00:00,3.46,15.8,82.76
2023-08-09 01:00:00+00:00,3.71,15.32,84.09
2023-08-09 02:00:00+00:00,3.41,14.91,84.26
2023-08-09 03:00:00+00:00,4.32,14.24,84.0
2023-08-09 04:00:00+00:00,6.47,13.66,84.5
2023-08-09 05:00:00+00:00,7.76,13.33,85.44
2023-08-09 06:00:00+00:00,10.74,13.87,88.63
2023-08-09 07:00:00+00:00,11.24,14.73,90.6
2023-08-09 08:00:00+00:00,6.03,16.53,88.06
2023-08-09 09:00:00+00:00,3.07,19.48,74.43
2023-08-09 10:00:00+00:00,3.75,21.31,65.74
2023-08-09 11:00:00+00:00,3.06,22.0,62.18
2023-08-09 12:00:00+00:00,2.03,24.77,52.34
2023-08-09 13:00:00+00:00,2.04,25.3,47.48
2023-08-09 14:00:00+00:00,1.65,26.28,42.81
2023-08-09 15:00:00+00:00,1.59,25.57,43.48
2023-08-09 16:00:00+00:00,1.64,24.29,45.79
2023-08-09 17:00:00+00:00,1.85,22.72,50.53
2023-08-09 18:00:00+00:00,1.95,21.28,54.15
2023-08-09 19:00:00+00:00,1.91,20.13,58.08
2023-08-09 20:00:00+00:00,2.31,18.9,63.7
2023-08-09 21:00:00+00:00,2.52,18.03,67.46
2023-08-09 22:00:00+00:00,2.78,17.43,69.51
2023-08-09 23:00:00+00:00,2.4,17.17,70.12
2023-08-10 00:00:00+00:00,1.94,16.83,72.26
2023-08-10 01:00:00+00:00,1.76,16.49,72.35
2023-08-10 02:00:00+00:00,1.82,16.11,73.27
2023-08-10 03:00:00+00:00,1.96,15.72,74.73
2023-08-10 04:00:00+00:00,2.4,15.12,77.17
2023-08-10 05:00:00+00:00,3.83,14.76,79.7
2023-08-10 06:00:00+00:00,6.43,14.98,82.34
2023-08-10 07:00:00+00:00,9.07,16.06,82.16
2023-08-10 08:00:00+00:00,5.36,18.01,74.33
2023-08-10 09:00:00+00:00,3.3,20.18,66.37
2023-08-10 10:00:00+00:00,2.9,22.28,59.39
2023-08-10 11:00:00+00:00,3.02,23.26,53.11
2023-08-10 12:00:00+00:00,2.36,23.4,50.97
2023-08-10 13:00:00+00:00,2.39,25.39,46.42
2023-08-10 14:00:00+00:00,2.2,26.51,41.63
2023-08-10 15:00:00+00:00,2.05,25.88,40.33
2023-08-10 16:00:00+00:00,2.01,26.02,39.92
2023-08-10 17:00:00+00:00,2.21,26.62,39.2
2023-08-10 18:00:00+00:00,2.54,25.45,43.77
2023-08-10 19:00:00+00:00,2.39,24.09,49.78
2023-08-10 20:00:00+00:00,2.74,22.56,55.31
2023-08-10 21:00:00+00:00,4.58,21.17,62.9
2023-08-10 22:00:00+00:00,5.1,20.2,67.03
2023-08-10 23:00:00+00:00,5.11,19.41,66.76
2023-08-11 00:00:00+00:00,7.46,19.0,70.01
2023-08-11 01:00:00+00:00,8.7,18.57,73.98
2023-08-11 02:00:00+00:00,9.74,18.23,76.33
2023-08-11 03:00:00+00:00,9.28,17.83,77.32
2023-08-11 04:00:00+00:00,10.19,17.39,78.31
2023-08-11 05:00:00+00:00,16.59,17.24,78.09
2023-08-11 06:00:00+00:00,20.03,17.48,77.74
2023-08-11 07:00:00+00:00,16.92,18.55,75.14
2023-08-11 08:00:00+00:00,14.6,20.08,71.98
2023-08-11 09:00:00+00:00,10.65,24.32,62.69
2023-08-11 10:00:00+00:00,7.25,28.79,53.11
2023-08-11 11:00:00+00:00,5.79,32.13,45.7
2023-08-11 12:00:00+00:00,3.75,32.08,42.93
2023-08-11 13:00:00+00:00,2.98,30.63,47.9
2023-08-11 14:00:00+00:00,2.83,30.49,49.84
2023-08-11 15:00:00+00:00,2.47,29.64,52.06
2023-08-11 16:00:00+00:00,2.3,27.37,56.38
2023-08-11 17:00:00+00:00,1.81,25.21,61.96
2023-08-11 18:00:00+00:00,1.06,23.67,68.3
2023-08-11 19:00:00+00:00,1.71,23.0,71.21
2023-08-11 20:00:00+00:00,1.9,22.28,73.95
2023-08-11 21:00:00+00:00,2.28,22.01,74.8
2023-08-11 22:00:00+00:00,2.59,21.67,76.05
2023-08-11 23:00:00+00:00,3.21,21.24,77.52
2023-08-12 00:00:00+00:00,4.22,20.92,78.48
2023-08-12 01:00:00+00:00,4.44,20.59,79.8
2023-08-12 02:00:00+00:00,4.63,20.58,80.87
2023-08-12 03:00:00+00:00,5.44,20.59,81.51
2023-08-12 04:00:00+00:00,11.04,20.66,83.68
2023-08-12 05:00:00+00:00,14.03,20.62,84.85
2023-08-12 06:00:00+00:00,15.89,20.8,85.18
2023-08-12 07:00:00+00:00,17.39,20.86,85.88
2023-08-12 08:00:00+00:00,15.69,20.66,85.66
2023-08-12 09:00:00+00:00,2.23,18.6,82.72
2023-08-12 10:00:00+00:00,2.64,20.32,83.02
2023-08-12 11:00:00+00:00,2.86,22.72,73.37
2023-08-12 12:00:00+00:00,3.1,26.42,58.36
2023-08-12 13:00:00+00:00,3.31,28.03,51.98
2023-08-12 14:00:00+00:00,3.45,28.0,51.22
2023-08-12 15:00:00+00:00,3.39,27.0,51.44
2023-08-12 16:00:00+00:00,3.78,26.54,52.19
2023-08-12 17:00:00+00:00,3.79,24.99,53.36
2023-08-12 18:00:00+00:00,4.28,22.83,56.65
2023-08-12 19:00:00+00:00,4.74,21.39,62.41
2023-08-12 20:00:00+00:00,5.07,20.45,68.02
2023-08-12 21:00:00+00:00,4.51,19.91,69.71
2023-08-12 22:00:00+00:00,4.76,19.5,72.98
2023-08-12 23:00:00+00:00,5.15,19.19,75.69
2023-08-13 00:00:00+00:00,5.21,18.9,78.4
2023-08-13 01:00:00+00:00,5.15,19.01,78.35
2023-08-13 02:00:00+00:00,4.67,19.08,77.64
2023-08-13 03:00:00+00:00,4.53,18.95,78.51
2023-08-13 04:00:00+00:00,3.97,18.69,79.63
2023-08-13 05:00:00+00:00,3.9,18.75,79.36
2023-08-13 06:00:00+00:00,3.74,18.78,80.45
2023-08-13 07:00:00+00:00,4.09,19.22,79.31
2023-08-13 08:00:00+00:00,3.66,19.87,76.78
2023-08-13 09:00:00+00:00,3.19,21.77,70.18
2023-08-13 10:00:00+00:00,2.93,23.4,62.53
2023-08-13 11:00:00+00:00,2.09,26.49,55.0
2023-08-13 12:00:00+00:00,1.2,28.1,48.21
2023-08-13 13:00:00+00:00,1.24,27.66,49.73
2023-08-13 14:00:00+00:00,1.42,24.94,55.62
2023-08-13 15:00:00+00:00,0.94,25.89,50.82
2023-08-13 16:00:00+00:00,0.7,26.5,47.99
2023-08-13 17:00:00+00:00,1.09,25.1,50.55
2023-08-13 18:00:00+00:00,1.94,23.6,55.33
2023-08-13 19:00:00+00:00,1.58,22.58,59.5
2023-08-13 20:00:00+00:00,2.21,21.51,64.7
2023-08-13 21:00:00+00:00,2.98,20.6,67.65
2023-08-13 22:00:00+00:00,3.44,19.68,71.25
2023-08-13 23:00:00+00:00,3.26,18.91,74.5
2023-08-14 00:00:00+00:00,3.21,18.28,77.08
2023-08-14 01:00:00+00:00,2.9,17.82,78.61
2023-08-14 02:00:00+00:00,3.33,17.46,80.14
2023-08-14 03:00:00+00:00,3.76,17.13,81.4
2023-08-14 04:00:00+00:00,3.87,16.88,81.46
2023-08-14 05:00:00+00:00,4.06,16.68,81.4
2023-08-14 06:00:00+00:00,3.43,16.91,80.8
2023-08-14 07:00:00+00:00,3.43,18.02,78.74
2023-08-14 08:00:00+00:00,3.98,19.63,69.81
2023-08-14 09:00:00+00:00,3.37,23.28,60.36
2023-08-14 10:00:00+00:00,2.34,28.21,49.08
2023-08-14 11:00:00+00:00,2.29,30.96,43.71
2023-08-14 12:00:00+00:00,2.07,31.73,40.71
2023-08-14 13:00:00+00:00,2.18,32.39,39.6
2023-08-14 14:00:00+00:00,2.16,33.64,37.17
2023-08-14 15:00:00+00:00,2.48,33.25,37.04
2023-08-14 16:00:00+00:00,2.43,32.62,37.11
2023-08-14 17:00:00+00:00,2.71,31.57,39.39
2023-08-14 18:00:00+00:00,2.69,29.95,42.1
2023-08-14 19:00:00+00:00,3.08,28.07,47.85
2023-08-14 20:00:00+00:00,3.28,26.4,54.59
2023-08-14 21:00:00+00:00,4.29,24.96,59.76
2023-08-14 22:00:00+00:00,4.48,23.85,62.95
2023-08-14 23:00:00+00:00,4.39,22.59,63.8
2023-08-15 00:00:00+00:00,3.36,21.84,64.59
2023-08-15 01:00:00+00:00,3.74,21.28,69.11
2023-08-15 02:00:00+00:00,2.92,20.78,70.33
2023-08-15 03:00:00+00:00,3.39,20.08,74.93
2023-08-15 04:00:00+00:00,3.68,19.66,79.15
2023-08-15 05:00:00+00:00,3.9,19.23,81.83
2023-08-15 06:00:00+00:00,3.58,19.24,83.0
2023-08-15 07:00:00+00:00,3.19,19.9,80.23
2023-08-15 08:00:00+00:00,3.15,20.68,76.35
2023-08-15 09:00:00+00:00,2.69,21.9,71.75
2023-08-15 10:00:00+00:00,3.39,21.58,75.1
2023-08-15 11:00:00+00:00,3.08,21.67,75.52
2023-08-15 12:00:00+00:00,2.06,25.12,60.29
2023-08-15 13:00:00+00:00,1.96,27.83,48.56
2023-08-15 14:00:00+00:00,1.81,28.78,46.35
2023-08-15 15:00:00+00:00,1.65,28.81,42.82
2023-08-15 16:00:00+00:00,1.87,27.88,42.29
2023-08-15 17:00:00+00:00,1.55,26.83,43.29
2023-08-15 18:00:00+00:00,1.46,25.11,46.32
2023-08-15 19:00:00+00:00,1.57,23.62,51.41
2023-08-15 20:00:00+00:00,1.72,22.14,57.62
2023-08-15 21:00:00+00:00,2.46,20.9,63.62
2023-08-15 22:00:00+00:00,3.07,19.91,69.01
2023-08-15 23:00:00+00:00,4.6,19.01,72.76
2023-08-16 00:00:00+00:00,4.81,18.19,75.03
2023-08-16 01:00:00+00:00,5.26,17.6,77.11
2023-08-16 02:00:00+00:00,6.32,17.1,79.7
2023-08-16 03:00:00+00:00,8.56,16.67,80.13
2023-08-16 04:00:00+00:00,11.63,16.29,80.84
2023-08-16 05:00:00+00:00,9.92,15.9,81.83
2023-08-16 06:00:00+00:00,7.28,16.08,83.55
2023-08-16 07:00:00+00:00,7.34,16.92,84.19
2023-08-16 08:00:00+00:00,6.7,18.14,84.46
2023-08-16 09:00:00+00:00,3.77,22.74,70.53
2023-08-16 10:00:00+00:00,1.74,29.82,47.91
2023-08-16 11:00:00+00:00,1.66,33.49,38.1
2023-08-16 12:00:00+00:00,1.44,35.33,33.67
2023-08-16 13:00:00+00:00,1.6,36.57,31.43
2023-08-16 14:00:00+00:00,1.6,36.77,31.17
2023-08-16 15:00:00+00:00,1.54,35.3,33.25
2023-08-16 16:00:00+00:00,1.74,33.39,36.71
2023-08-16 17:00:00+00:00,1.71,30.79,40.95
2023-08-16 18:00:00+00:00,1.7,27.78,48.86
2023-08-16 19:00:00+00:00,1.78,25.12,54.89
2023-08-16 20:00:00+00:00,2.23,23.69,58.65
2023-08-16 21:00:00+00:00,2.75,22.57,61.5
2023-08-16 22:00:00+00:00,3.38,21.4,66.17
2023-08-16 23:00:00+00:00,4.15,20.42,70.49
2023-08-17 00:00:00+00:00,3.62,19.67,72.33
2023-08-17 01:00:00+00:00,3.38,19.05,73.36
2023-08-17 02:00:00+00:00,3.55,18.46,74.77
2023-08-17 03:00:00+00:00,4.03,17.96,76.5
2023-08-17 04:00:00+00:00,4.49,17.58,77.85
2023-08-17 05:00:00+00:00,4.45,17.24,79.0
2023-08-17 06:00:00+00:00,4.31,17.36,79.58
2023-08-17 07:00:00+00:00,3.0,18.01,78.19
2023-08-17 08:00:00+00:00,2.74,19.63,72.5
2023-08-17 09:00:00+00:00,2.3,22.22,64.13
2023-08-17 10:00:00+00:00,1.76,26.82,51.84
2023-08-17 11:00:00+00:00,2.16,28.12,48.63
2023-08-17 12:00:00+00:00,2.01,30.26,44.32
2023-08-17 13:00:00+00:00,1.93,31.44,41.17
2023-08-17 14:00:00+00:00,2.25,30.12,44.47
2023-08-17 15:00:00+00:00,2.33,28.44,47.98
2023-08-17 16:00:00+00:00,2.31,26.51,52.97
2023-08-17 17:00:00+00:00,3.41,24.83,58.46
2023-08-17 18:00:00+00:00,3.62,23.44,63.14
2023-08-17 19:00:00+00:00,4.25,22.45,67.14
2023-08-17 20:00:00+00:00,6.36,22.01,69.02
2023-08-17 21:00:00+00:00,6.5,21.9,69.16
2023-08-17 22:00:00+00:00,5.15,21.74,69.02
2023-08-17 23:00:00+00:00,4.31,21.27,69.28
2023-08-18 00:00:00+00:00,3.82,20.72,70.17
2023-08-18 01:00:00+00:00,8.46,20.37,71.3
2023-08-18 02:00:00+00:00,11.35,19.99,73.02
2023-08-18 03:00:00+00:00,9.71,19.7,72.85
2023-08-18 04:00:00+00:00,11.08,19.36,75.38
2023-08-18 05:00:00+00:00,9.67,19.08,77.75
2023-08-18 06:00:00+00:00,8.47,19.26,77.88
2023-08-18 07:00:00+00:00,6.93,19.69,76.49
2023-08-18 08:00:00+00:00,7.76,20.93,72.97
2023-08-18 09:00:00+00:00,7.01,23.82,65.44
2023-08-18 10:00:00+00:00,7.89,25.48,59.43
2023-08-18 11:00:00+00:00,10.32,25.87,59.61
2023-08-18 12:00:00+00:00,11.27,28.26,55.2
2023-08-18 13:00:00+00:00,10.58,33.58,44.2
2023-08-18 14:00:00+00:00,10.71,35.32,41.12
2023-08-18 15:00:00+00:00,10.7,34.72,42.93
2023-08-18 16:00:00+00:00,13.65,31.67,49.29
2023-08-18 17:00:00+00:00,17.36,29.73,55.24
2023-08-18 18:00:00+00:00,18.4,28.75,58.85
2023-08-18 19:00:00+00:00,17.25,27.56,62.8
2023-08-18 20:00:00+00:00,16.1,26.25,67.36
2023-08-18 21:00:00+00:00,16.83,25.35,71.4
2023-08-18 22:00:00+00:00,18.54,24.58,73.97
2023-08-18 23:00:00+00:00,20.07,24.2,75.63
2023-08-19 00:00:00+00:00,21.87,23.67,77.32
2023-08-19 01:00:00+00:00,23.24,23.26,79.23
2023-08-19 02:00:00+00:00,21.74,23.08,80.86
2023-08-19 03:00:00+00:00,21.6,23.15,81.5
2023-08-19 04:00:00+00:00,21.59,23.24,81.8
2023-08-19 05:00:00+00:00,19.75,23.26,81.65
2023-08-19 06:00:00+00:00,16.45,23.63,81.45
2023-08-19 07:00:00+00:00,18.85,24.19,81.51
2023-08-19 08:00:00+00:00,20.71,24.83,81.18
2023-08-19 09:00:00+00:00,23.84,25.25,79.67
2023-08-19 10:00:00+00:00,8.13,26.83,64.65
2023-08-19 11:00:00+00:00,6.02,27.7,59.07
2023-08-19 12:00:00+00:00,7.72,27.87,60.29
2023-08-19 13:00:00+00:00,6.9,24.95,66.22
2023-08-19 14:00:00+00:00,4.33,23.85,66.39
2023-08-19 15:00:00+00:00,3.62,25.38,59.84
2023-08-19 16:00:00+00:00,2.88,27.38,52.57
2023-08-19 17:00:00+00:00,2.37,26.42,50.65
2023-08-19 18:00:00+00:00,2.38,24.84,55.13
2023-08-19 19:00:00+00:00,2.28,23.42,59.42
2023-08-19 20:00:00+00:00,3.37,22.13,64.71
2023-08-19 21:00:00+00:00,3.24,21.46,68.33
2023-08-19 22:00:00+00:00,2.89,20.62,69.73
2023-08-19 23:00:00+00:00,3.55,19.94,72.01
2023-08-20 00:00:00+00:00,3.48,19.31,74.92
2023-08-20 01:00:00+00:00,3.72,19.0,76.25
2023-08-20 02:00:00+00:00,3.38,18.68,77.07
2023-08-20 03:00:00+00:00,3.47,18.2,78.77
2023-08-20 04:00:00+00:00,4.18,17.83,80.51
2023-08-20 05:00:00+00:00,4.18,17.35,81.52
2023-08-20 06:00:00+00:00,5.61,17.2,84.0
2023-08-20 07:00:00+00:00,4.55,17.94,86.74
2023-08-20 08:00:00+00:00,3.88,19.42,83.33
2023-08-20 09:00:00+00:00,2.87,22.79,69.85
2023-08-20 10:00:00+00:00,2.72,27.08,55.7
2023-08-20 11:00:00+00:00,2.6,30.11,46.43
2023-08-20 12:00:00+00:00,2.57,32.01,41.16
2023-08-20 13:00:00+00:00,1.91,32.96,38.0
2023-08-20 14:00:00+00:00,1.64,33.42,37.11
2023-08-20 15:00:00+00:00,1.43,32.53,36.75
2023-08-20 16:00:00+00:00,1.32,30.92,39.47
2023-08-20 17:00:00+00:00,1.6,29.18,43.42
2023-08-20 18:00:00+00:00,1.36,27.22,46.53
2023-08-20 19:00:00+00:00,2.37,25.42,52.41
2023-08-20 20:00:00+00:00,1.77,24.06,58.66
2023-08-20 21:00:00+00:00,2.34,22.67,63.28
2023-08-20 22:00:00+00:00,2.59,21.46,67.16
2023-08-20 23:00:00+00:00,3.25,20.47,69.84
2023-08-21 00:00:00+00:00,3.46,19.62,71.74
2023-08-21 01:00:00+00:00,2.95,18.85,73.71
2023-08-21 02:00:00+00:00,2.79,18.22,75.3
2023-08-21 03:00:00+00:00,2.81,17.7,77.11
2023-08-21 04:00:00+00:00,3.06,17.29,78.42
2023-08-21 05:00:00+00:00,3.48,16.92,79.27
2023-08-21 06:00:00+00:00,3.95,16.86,80.59
2023-08-21 07:00:00+00:00,5.31,17.58,82.81
2023-08-21 08:00:00+00:00,5.28,19.24,83.22
2023-08-21 09:00:00+00:00,3.94,23.43,71.6
2023-08-21 10:00:00+00:00,2.38,29.05,53.51
2023-08-21 11:00:00+00:00,1.84,31.91,42.95
2023-08-21 12:00:00+00:00,1.53,32.72,38.72
2023-08-21 13:00:00+00:00,1.45,33.4,35.79
2023-08-21 14:00:00+00:00,1.61,33.69,35.81
2023-08-21 15:00:00+00:00,1.77,32.38,38.24
2023-08-21 16:00:00+00:00,1.69,31.09,39.6
2023-08-21 17:00:00+00:00,1.62,29.53,41.45
2023-08-21 18:00:00+00:00,1.83,27.11,47.34
2023-08-21 19:00:00+00:00,1.78,25.58,51.62
2023-08-21 20:00:00+00:00,1.95,24.01,55.72
2023-08-21 21:00:00+00:00,2.16,22.66,60.16
2023-08-21 22:00:00+00:00,2.94,21.49,64.94
2023-08-21 23:00:00+00:00,3.55,20.69,68.91
2023-08-22 00:00:00+00:00,4.54,20.25,72.14
2023-08-22 01:00:00+00:00,4.97,19.74,73.89
2023-08-22 02:00:00+00:00,5.17,19.36,75.49
2023-08-22 03:00:00+00:00,6.72,18.77,77.23
2023-08-22 04:00:00+00:00,8.02,18.22,78.61
2023-08-22 05:00:00+00:00,9.95,17.78,80.2
2023-08-22 06:00:00+00:00,10.1,17.97,81.89
2023-08-22 07:00:00+00:00,11.14,18.9,82.51
2023-08-22 08:00:00+00:00,7.75,20.34,80.05
2023-08-22 09:00:00+00:00,3.79,22.46,71.29
2023-08-22 10:00:00+00:00,3.01,25.02,61.7
2023-08-22 11:00:00+00:00,2.66,26.91,55.72
2023-08-22 12:00:00+00:00,2.11,29.71,48.2
2023-08-22 13:00:00+00:00,2.0,30.16,45.79
2023-08-22 14:00:00+00:00,1.76,31.04,43.41
2023-08-22 15:00:00+00:00,1.78,30.35,44.56
2023-08-22 16:00:00+00:00,1.99,29.08,47.4
2023-08-22 17:00:00+00:00,1.54,27.46,50.56
2023-08-22 18:00:00+00:00,1.62,25.1,56.54
2023-08-22 19:00:00+00:00,2.12,23.62,61.39
2023-08-22 20:00:00+00:00,3.32,22.64,65.19
2023-08-22 21:00:00+00:00,3.89,21.5,69.17
2023-08-22 22:00:00+00:00,5.36,20.64,71.92
2023-08-22 23:00:00+00:00,5.99,19.88,74.4
2023-08-23 00:00:00+00:00,5.86,19.31,75.94
2023-08-23 01:00:00+00:00,5.98,18.76,78.0
2023-08-23 02:00:00+00:00,7.93,18.4,79.34
2023-08-23 03:00:00+00:00,8.13,18.0,80.36
2023-08-23 04:00:00+00:00,9.78,17.95,82.02
2023-08-23 05:00:00+00:00,15.33,17.83,83.28
2023-08-23 06:00:00+00:00,16.0,18.02,83.98
2023-08-23 07:00:00+00:00,14.13,18.97,83.8
2023-08-23 08:00:00+00:00,14.81,19.83,83.39
2023-08-23 09:00:00+00:00,8.92,23.22,72.9
2023-08-23 10:00:00+00:00,4.6,28.04,56.53
2023-08-23 11:00:00+00:00,2.81,31.04,45.32
2023-08-23 12:00:00+00:00,1.72,32.66,38.76
2023-08-23 13:00:00+00:00,1.85,33.2,37.61
2023-08-23 14:00:00+00:00,1.78,33.3,36.51
2023-08-23 15:00:00+00:00,1.82,32.19,38.38
2023-08-23 16:00:00+00:00,1.64,31.05,39.15
2023-08-23 17:00:00+00:00,1.35,29.01,41.62
2023-08-23 18:00:00+00:00,1.57,26.65,46.57
2023-08-23 19:00:00+00:00,1.64,25.01,51.05
2023-08-23 20:00:00+00:00,2.52,23.44,56.82
2023-08-23 21:00:00+00:00,4.26,22.37,62.89
2023-08-23 22:00:00+00:00,7.08,21.33,66.18
2023-08-23 23:00:00+00:00,7.32,20.5,69.07
2023-08-24 00:00:00+00:00,8.68,19.7,71.76
2023-08-24 01:00:00+00:00,7.64,19.56,73.22
2023-08-24 02:00:00+00:00,3.59,19.53,74.69
2023-08-24 03:00:00+00:00,4.44,19.43,75.73
2023-08-24 04:00:00+00:00,6.3,19.01,77.05
2023-08-24 05:00:00+00:00,8.3,18.7,78.9
2023-08-24 06:00:00+00:00,8.27,18.71,79.91
2023-08-24 07:00:00+00:00,8.68,19.39,79.74
2023-08-24 08:00:00+00:00,9.17,20.72,77.49
2023-08-24 09:00:00+00:00,11.33,22.79,70.76
2023-08-24 10:00:00+00:00,11.69,22.44,72.83
2023-08-24 11:00:00+00:00,16.6,21.96,78.59
2023-08-24 12:00:00+00:00,18.71,21.76,81.64
2023-08-24 13:00:00+00:00,12.38,23.44,78.91
2023-08-24 14:00:00+00:00,10.95,23.72,77.29
2023-08-24 15:00:00+00:00,10.91,23.94,75.99
2023-08-24 16:00:00+00:00,9.73,23.91,76.43
2023-08-24 17:00:00+00:00,8.06,23.74,75.49
2023-08-24 18:00:00+00:00,6.62,23.47,75.2
2023-08-24 19:00:00+00:00,13.43,23.14,77.96
2023-08-24 20:00:00+00:00,17.58,22.6,80.42
2023-08-24 21:00:00+00:00,13.6,22.04,81.85
2023-08-24 22:00:00+00:00,16.67,21.63,83.15
2023-08-24 23:00:00+00:00,18.15,21.11,84.53
2023-08-25 00:00:00+00:00,20.26,20.86,85.31
2023-08-25 01:00:00+00:00,22.6,20.54,85.58
2023-08-25 02:00:00+00:00,22.65,20.32,85.62
2023-08-25 03:00:00+00:00,21.0,19.94,86.1
2023-08-25 04:00:00+00:00,25.03,19.7,87.7
2023-08-25 05:00:00+00:00,35.77,19.84,89.55
2023-08-25 06:00:00+00:00,40.59,20.07,89.22
2023-08-25 07:00:00+00:00,37.51,20.51,88.42
2023-08-25 08:00:00+00:00,25.29,21.5,83.46
2023-08-25 09:00:00+00:00,12.82,23.61,75.02
2023-08-25 10:00:00+00:00,11.3,29.42,57.42
2023-08-25 11:00:00+00:00,11.05,30.99,50.68
2023-08-25 12:00:00+00:00,21.45,28.2,57.57
2023-08-25 13:00:00+00:00,14.63,27.22,58.53
2023-08-25 14:00:00+00:00,12.53,27.03,58.66
2023-08-25 15:00:00+00:00,10.93,26.32,58.5
2023-08-25 16:00:00+00:00,6.71,24.78,59.82
2023-08-25 17:00:00+00:00,4.8,23.48,60.66
2023-08-25 18:00:00+00:00,1.93,22.51,57.96
2023-08-25 19:00:00+00:00,1.78,21.36,61.05
2023-08-25 20:00:00+00:00,1.89,20.66,65.93
2023-08-25 21:00:00+00:00,2.12,20.06,69.76
2023-08-25 22:00:00+00:00,2.89,19.49,72.1
2023-08-25 23:00:00+00:00,2.69,18.85,73.74
2023-08-26 00:00:00+00:00,3.29,18.08,75.31
2023-08-26 01:00:00+00:00,3.43,17.86,77.05
2023-08-26 02:00:00+00:00,3.55,17.82,78.56
2023-08-26 03:00:00+00:00,5.35,17.45,79.92
2023-08-26 04:00:00+00:00,4.42,16.83,80.2
2023-08-26 05:00:00+00:00,7.37,16.4,81.02
2023-08-26 06:00:00+00:00,14.64,16.31,85.54
2023-08-26 07:00:00+00:00,10.31,16.88,84.99
2023-08-26 08:00:00+00:00,7.19,17.3,84.22
2023-08-26 09:00:00+00:00,2.68,16.75,84.39
2023-08-26 10:00:00+00:00,1.95,17.57,83.77
2023-08-26 11:00:00+00:00,2.17,21.6,72.93
2023-08-26 12:00:00+00:00,1.64,19.64,74.47
2023-08-26 13:00:00+00:00,1.33,21.44,70.07
2023-08-26 14:00:00+00:00,1.67,20.42,71.61
2023-08-26 15:00:00+00:00,1.3,22.51,66.13
2023-08-26 16:00:00+00:00,1.29,23.11,60.87
2023-08-26 17:00:00+00:00,1.23,22.63,61.68
2023-08-26 18:00:00+00:00,1.46,21.53,61.0
2023-08-26 19:00:00+00:00,2.83,19.88,67.6
2023-08-26 20:00:00+00:00,3.52,18.85,72.84
2023-08-26 21:00:00+00:00,4.95,18.22,77.58
2023-08-26 22:00:00+00:00,5.69,17.54,78.91
2023-08-26 23:00:00+00:00,5.34,16.81,79.98
2023-08-27 00:00:00+00:00,5.6,16.33,81.39
2023-08-27 01:00:00+00:00,7.45,16.12,82.98
2023-08-27 02:00:00+00:00,9.21,16.03,83.5
2023-08-27 03:00:00+00:00,10.93,15.98,83.86
2023-08-27 04:00:00+00:00,5.1,15.54,83.79
2023-08-27 05:00:00+00:00,1.54,15.06,83.81
2023-08-27 06:00:00+00:00,1.58,15.0,84.07
2023-08-27 07:00:00+00:00,1.34,15.06,84.16
2023-08-27 08:00:00+00:00,2.31,16.32,81.95
2023-08-27 09:00:00+00:00,2.25,18.26,75.12
2023-08-27 10:00:00+00:00,0.85,20.92,60.83
2023-08-27 11:00:00+00:00,1.19,20.62,58.65
2023-08-27 12:00:00+00:00,1.49,21.22,59.48
2023-08-27 13:00:00+00:00,1.81,21.39,60.42
2023-08-27 14:00:00+00:00,2.03,20.77,64.48
2023-08-27 15:00:00+00:00,1.67,21.11,60.26
2023-08-27 16:00:00+00:00,1.61,18.38,75.05
2023-08-27 17:00:00+00:00,1.57,18.26,74.16
2023-08-27 18:00:00+00:00,2.34,17.67,75.02
2023-08-27 19:00:00+00:00,2.1,16.87,78.03
2023-08-27 20:00:00+00:00,2.4,16.08,79.39
2023-08-27 21:00:00+00:00,5.86,15.6,81.41
2023-08-27 22:00:00+00:00,3.79,15.04,82.77
2023-08-27 23:00:00+00:00,2.81,14.54,83.66
2023-08-28 00:00:00+00:00,2.42,14.21,85.13
2023-08-28 01:00:00+00:00,3.35,14.09,86.49
2023-08-28 02:00:00+00:00,3.37,14.11,87.72
2023-08-28 03:00:00+00:00,2.69,14.37,88.5
2023-08-28 04:00:00+00:00,3.1,14.09,87.55
2023-08-28 05:00:00+00:00,3.38,13.97,88.41
2023-08-28 06:00:00+00:00,4.06,13.8,88.16
2023-08-28 07:00:00+00:00,9.05,14.2,90.21
2023-08-28 08:00:00+00:00,3.6,15.51,86.7
2023-08-28 09:00:00+00:00,1.31,18.38,76.67
2023-08-28 10:00:00+00:00,0.98,21.87,62.05
2023-08-28 11:00:00+00:00,0.95,23.79,56.69
2023-08-28 12:00:00+00:00,1.16,25.88,48.83
2023-08-28 13:00:00+00:00,1.08,25.86,48.69
2023-08-28 14:00:00+00:00,0.69,26.07,47.63
2023-08-28 15:00:00+00:00,0.76,24.98,50.02
2023-08-28 16:00:00+00:00,0.92,23.93,52.88
2023-08-28 17:00:00+00:00,0.95,23.34,54.45
2023-08-28 18:00:00+00:00,0.88,22.03,57.92
2023-08-28 19:00:00+00:00,1.05,20.49,62.82
2023-08-28 20:00:00+00:00,1.62,19.21,66.69
2023-08-28 21:00:00+00:00,1.45,18.56,69.97
2023-08-28 22:00:00+00:00,1.72,17.74,73.21
2023-08-28 23:00:00+00:00,2.02,16.88,76.01
2023-08-29 00:00:00+00:00,2.79,16.17,77.74
2023-08-29 01:00:00+00:00,3.35,15.59,78.91
2023-08-29 02:00:00+00:00,3.9,15.1,80.52
2023-08-29 03:00:00+00:00,4.53,14.76,82.46
2023-08-29 04:00:00+00:00,4.32,14.89,84.55
2023-08-29 05:00:00+00:00,3.51,14.95,84.13
2023-08-29 06:00:00+00:00,4.58,14.71,84.04
2023-08-29 07:00:00+00:00,8.45,14.97,85.82
2023-08-29 08:00:00+00:00,4.84,16.08,84.45
2023-08-29 09:00:00+00:00,2.43,19.68,73.58
2023-08-29 10:00:00+00:00,1.77,20.3,67.18
2023-08-29 11:00:00+00:00,1.99,21.15,65.34
2023-08-29 12:00:00+00:00,2.04,22.56,59.02
2023-08-29 13:00:00+00:00,1.25,21.77,59.76
2023-08-29 14:00:00+00:00,1.89,21.1,58.9
2023-08-29 15:00:00+00:00,2.25,22.33,52.11
2023-08-29 16:00:00+00:00,2.23,22.66,52.76
2023-08-29 17:00:00+00:00,2.78,21.56,56.52
2023-08-29 18:00:00+00:00,2.84,20.22,59.84
2023-08-29 19:00:00+00:00,3.0,19.17,63.35
2023-08-29 20:00:00+00:00,3.47,18.24,66.92
2023-08-29 21:00:00+00:00,3.3,17.68,67.38
2023-08-29 22:00:00+00:00,3.11,17.2,69.27
2023-08-29 23:00:00+00:00,4.29,16.28,71.54
2023-08-30 00:00:00+00:00,5.64,15.6,74.07
2023-08-30 01:00:00+00:00,6.89,15.61,75.92
2023-08-30 02:00:00+00:00,7.96,15.83,76.53
2023-08-30 03:00:00+00:00,9.66,15.92,77.22
2023-08-30 04:00:00+00:00,11.63,15.93,77.07
2023-08-30 05:00:00+00:00,14.09,15.8,77.42
2023-08-30 06:00:00+00:00,13.43,15.65,76.99
2023-08-30 07:00:00+00:00,16.08,15.4,80.02
2023-08-30 08:00:00+00:00,17.38,15.61,83.73
2023-08-30 09:00:00+00:00,13.86,16.07,83.45
2023-08-30 10:00:00+00:00,6.06,16.71,82.47
2023-08-30 11:00:00+00:00,3.22,19.94,68.16
2023-08-30 12:00:00+00:00,2.81,21.13,58.42
2023-08-30 13:00:00+00:00,2.09,21.41,56.26
2023-08-30 14:00:00+00:00,2.58,19.3,71.21
2023-08-30 15:00:00+00:00,1.91,20.37,63.06
2023-08-30 16:00:00+00:00,1.84,20.01,60.19
2023-08-30 17:00:00+00:00,1.83,19.45,61.87
2023-08-30 18:00:00+00:00,1.9,17.95,63.85
2023-08-30 19:00:00+00:00,1.6,16.93,64.03
2023-08-30 20:00:00+00:00,1.62,15.82,65.73
2023-08-30 21:00:00+00:00,1.52,15.37,68.69
2023-08-30 22:00:00+00:00,1.48,14.73,71.46
2023-08-30 23:00:00+00:00,1.3,14.26,78.75
2023-08-31 00:00:00+00:00,1.93,14.05,80.81
2023-08-31 01:00:00+00:00,1.69,13.82,81.13
2023-08-31 02:00:00+00:00,2.54,13.92,81.35
2023-08-31 03:00:00+00:00,2.0,14.05,84.12
2023-08-31 04:00:00+00:00,2.31,14.04,85.75
2023-08-31 05:00:00+00:00,1.52,14.1,84.89
2023-08-31 06:00:00+00:00,1.7,13.86,85.36
2023-08-31 07:00:00+00:00,1.79,14.42,84.86
2023-08-31 08:00:00+00:00,2.4,15.57,79.24
2023-08-31 09:00:00+00:00,2.41,17.34,73.04
2023-08-31 10:00:00+00:00,2.21,19.56,63.51
2023-08-31 11:00:00+00:00,1.82,21.18,60.51
2023-08-31 12:00:00+00:00,2.03,22.27,54.15
2023-08-31 13:00:00+00:00,1.6,23.43,47.72
2023-08-31 14:00:00+00:00,1.6,24.03,45.04
2023-08-31 15:00:00+00:00,1.55,24.71,43.62
2023-08-31 16:00:00+00:00,1.32,24.16,42.33
2023-08-31 17:00:00+00:00,1.38,22.8,44.15
2023-08-31 18:00:00+00:00,1.67,21.06,49.22
2023-08-31 19:00:00+00:00,1.86,19.6,56.39
2023-08-31 20:00:00+00:00,1.99,18.6,61.72
2023-08-31 21:00:00+00:00,3.59,17.74,67.31
2023-08-31 22:00:00+00:00,2.4,17.17,70.56
2023-08-31 23:00:00+00:00,2.87,16.94,71.44
2023-09-01 00:00:00+00:00,2.51,16.58,72.52
2023-09-01 01:00:00+00:00,3.15,16.27,74.01
2023-09-01 02:00:00+00:00,3.91,16.18,74.68
2023-09-01 03:00:00+00:00,5.36,16.24,77.16
2023-09-01 04:00:00+00:00,7.63,16.24,78.92
2023-09-01 05:00:00+00:00,9.67,16.3,80.01
2023-09-01 06:00:00+00:00,10.99,16.36,81.21
2023-09-01 07:00:00+00:00,9.37,16.84,79.56
2023-09-01 08:00:00+00:00,8.02,17.64,77.43
2023-09-01 09:00:00+00:00,6.25,18.38,74.85
2023-09-01 10:00:00+00:00,5.86,19.08,73.01
2023-09-01 11:00:00+00:00,5.56,22.0,65.87
2023-09-01 12:00:00+00:00,4.02,22.82,61.28
2023-09-01 13:00:00+00:00,3.88,23.23,61.36
2023-09-01 14:00:00+00:00,4.84,23.13,62.1
2023-09-01 15:00:00+00:00,6.94,22.83,64.01
2023-09-01 16:00:00+00:00,7.79,23.36,63.39
2023-09-01 17:00:00+00:00,8.26,22.79,64.96
2023-09-01 18:00:00+00:00,9.69,21.48,69.62
2023-09-01 19:00:00+00:00,12.97,20.33,77.15
2023-09-01 20:00:00+00:00,16.52,19.55,80.2
2023-09-01 21:00:00+00:00,22.56,19.12,82.48
2023-09-01 22:00:00+00:00,26.59,18.7,83.51
2023-09-01 23:00:00+00:00,25.78,18.59,84.31
